0.000000e+00  1285.614
3.050000e-08  1285.614
6.332843e-08  1285.610
1.011227e-07  1285.603
1.471227e-07  1285.591
2.050735e-07  1285.569
2.791643e-07  1285.529
3.739852e-07  1285.461
4.944949e-07  1285.345
6.459949e-07  1285.154
8.341088e-07  1284.847
1.064765e-06  1284.362
1.344180e-06  1283.617
1.678849e-06  1282.497
2.075531e-06  1280.849
2.541242e-06  1278.472
3.083242e-06  1275.105
3.709031e-06  1270.422
4.426339e-06  1264.015
5.243120e-06  1255.387
6.167547e-06  1243.947
7.208005e-06  1229.001
8.373086e-06  1209.761
9.671583e-06  1185.361
1.111249e-05  1154.888
1.270499e-05  1117.447
1.445846e-05  1072.243
1.638246e-05  1018.720
1.848672e-05  956.722
2.078119e-05  886.696
2.327594e-05  809.884
2.598125e-05  728.457
2.890756e-05  645.527
3.206547e-05  564.950
3.546576e-05  490.894
3.911936e-05  427.192
4.303736e-05  376.564
4.723101e-05  339.897
5.171172e-05  316.004
5.649104e-05  302.138
6.158068e-05  295.009
6.699251e-05  290.811
7.273852e-05  290.272
7.883088e-05  290.084
8.528186e-05  290.024
9.210392e-05  290.006
9.930962e-05  290.002
1.069117e-04  290.000
1.149230e-04  290.000
1.233565e-04  290.000
1.322253e-04  290.000
1.415427e-04  290.000
1.513222e-04  290.000
1.615771e-04  290.000
1.723211e-04  290.000
1.835681e-04  290.000
1.953320e-04  290.000
2.076267e-04  290.000
2.204664e-04  290.000
2.338654e-04  290.000
2.478382e-04  290.000
2.623992e-04  290.000
2.775630e-04  290.000
2.933445e-04  290.000
