250.000000 2163437.500000
251.000000 2165092.527000
252.000000 2166746.608000
253.000000 2168399.743000
254.000000 2170051.932000
255.000000 2171703.175000
256.000000 2173353.472000
257.000000 2175002.823000
258.000000 2176651.228000
259.000000 2178298.687000
260.000000 2179945.200000
261.000000 2181590.767000
262.000000 2183235.388000
263.000000 2184879.063000
264.000000 2186521.792000
265.000000 2188163.575000
266.000000 2189804.412000
267.000000 2191444.303000
268.000000 2193083.248000
269.000000 2194721.247000
270.000000 2196358.300000
271.000000 2197994.407000
272.000000 2199629.568000
273.000000 2201263.783000
274.000000 2202897.052000
275.000000 2204529.375000
276.000000 2206160.752000
277.000000 2207791.183000
278.000000 2209420.668000
279.000000 2211049.207000
280.000000 2212676.800000
281.000000 2214303.447000
282.000000 2215929.148000
283.000000 2217553.903000
284.000000 2219177.712000
285.000000 2220800.575000
286.000000 2222422.492000
287.000000 2224043.463000
288.000000 2225663.488000
289.000000 2227282.567000
290.000000 2228900.700000
291.000000 2230517.887000
292.000000 2232134.128000
293.000000 2233749.423000
294.000000 2235363.772000
295.000000 2236977.175000
296.000000 2238589.632000
297.000000 2240201.143000
298.000000 2241811.708000
299.000000 2243421.327000
300.000000 2245030.000000
301.000000 2246637.727000
302.000000 2248244.508000
303.000000 2249850.343000
304.000000 2251455.232000
305.000000 2253059.175000
306.000000 2254662.172000
307.000000 2256264.223000
308.000000 2257865.328000
309.000000 2259465.487000
310.000000 2261064.700000
311.000000 2262662.967000
312.000000 2264260.288000
313.000000 2265856.663000
314.000000 2267452.092000
315.000000 2269046.575000
316.000000 2270640.112000
317.000000 2272232.703000
318.000000 2273824.348000
319.000000 2275415.047000
320.000000 2277004.800000
321.000000 2278593.607000
322.000000 2280181.468000
323.000000 2281768.383000
324.000000 2283354.352000
325.000000 2284939.375000
326.000000 2286523.452000
327.000000 2288106.583000
328.000000 2289688.768000
329.000000 2291270.007000
330.000000 2292850.300000
331.000000 2294429.647000
332.000000 2296008.048000
333.000000 2297585.503000
334.000000 2299162.012000
335.000000 2300737.575000
336.000000 2302312.192000
337.000000 2303885.863000
338.000000 2305458.588000
339.000000 2307030.367000
340.000000 2308601.200000
341.000000 2310171.087000
342.000000 2311740.028000
343.000000 2313308.023000
344.000000 2314875.072000
345.000000 2316441.175000
346.000000 2318006.332000
347.000000 2319570.543000
348.000000 2321133.808000
349.000000 2322696.127000
350.000000 2324257.500000
351.000000 2325817.927000
352.000000 2327377.408000
353.000000 2328935.943000
354.000000 2330493.532000
355.000000 2332050.175000
356.000000 2333605.872000
357.000000 2335160.623000
358.000000 2336714.428000
359.000000 2338267.287000
360.000000 2339819.200000
361.000000 2341370.167000
362.000000 2342920.188000
363.000000 2344469.263000
364.000000 2346017.392000
365.000000 2347564.575000
366.000000 2349110.812000
367.000000 2350656.103000
368.000000 2352200.448000
369.000000 2353743.847000
370.000000 2355286.300000
371.000000 2356827.807000
372.000000 2358368.368000
373.000000 2359907.983000
374.000000 2361446.652000
375.000000 2362984.375000
376.000000 2364521.152000
377.000000 2366056.983000
378.000000 2367591.868000
379.000000 2369125.807000
380.000000 2370658.800000
381.000000 2372190.847000
382.000000 2373721.948000
383.000000 2375252.103000
384.000000 2376781.312000
385.000000 2378309.575000
386.000000 2379836.892000
387.000000 2381363.263000
388.000000 2382888.688000
389.000000 2384413.167000
390.000000 2385936.700000
391.000000 2387459.287000
392.000000 2388980.928000
393.000000 2390501.623000
394.000000 2392021.372000
395.000000 2393540.175000
396.000000 2395058.032000
397.000000 2396574.943000
398.000000 2398090.908000
399.000000 2399605.927000
400.000000 2401120.000000
401.000000 2402633.127000
402.000000 2404145.308000
403.000000 2405656.543000
404.000000 2407166.832000
405.000000 2408676.175000
406.000000 2410184.572000
407.000000 2411692.023000
408.000000 2413198.528000
409.000000 2414704.087000
410.000000 2416208.700000
411.000000 2417712.367000
412.000000 2419215.088000
413.000000 2420716.863000
414.000000 2422217.692000
415.000000 2423717.575000
416.000000 2425216.512000
417.000000 2426714.503000
418.000000 2428211.548000
419.000000 2429707.647000
420.000000 2431202.800000
421.000000 2432697.007000
422.000000 2434190.268000
423.000000 2435682.583000
424.000000 2437173.952000
425.000000 2438664.375000
426.000000 2440153.852000
427.000000 2441642.383000
428.000000 2443129.968000
429.000000 2444616.607000
430.000000 2446102.300000
431.000000 2447587.047000
432.000000 2449070.848000
433.000000 2450553.703000
434.000000 2452035.612000
435.000000 2453516.575000
436.000000 2454996.592000
437.000000 2456475.663000
438.000000 2457953.788000
439.000000 2459430.967000
440.000000 2460907.200000
441.000000 2462382.487000
442.000000 2463856.828000
443.000000 2465330.223000
444.000000 2466802.672000
445.000000 2468274.175000
446.000000 2469744.732000
447.000000 2471214.343000
448.000000 2472683.008000
449.000000 2474150.727000
450.000000 2475617.500000
451.000000 2477083.327000
452.000000 2478548.208000
453.000000 2480012.143000
454.000000 2481475.132000
455.000000 2482937.175000
456.000000 2484398.272000
457.000000 2485858.423000
458.000000 2487317.628000
459.000000 2488775.887000
460.000000 2490233.200000
461.000000 2491689.567000
462.000000 2493144.988000
463.000000 2494599.463000
464.000000 2496052.992000
465.000000 2497505.575000
466.000000 2498957.212000
467.000000 2500407.903000
468.000000 2501857.648000
469.000000 2503306.447000
470.000000 2504754.300000
471.000000 2506201.207000
472.000000 2507647.168000
473.000000 2509092.183000
474.000000 2510536.252000
475.000000 2511979.375000
476.000000 2513421.552000
477.000000 2514862.783000
478.000000 2516303.068000
479.000000 2517742.407000
480.000000 2519180.800000
481.000000 2520618.247000
482.000000 2522054.748000
483.000000 2523490.303000
484.000000 2524924.912000
485.000000 2526358.575000
486.000000 2527791.292000
487.000000 2529223.063000
488.000000 2530653.888000
489.000000 2532083.767000
490.000000 2533512.700000
491.000000 2534940.687000
492.000000 2536367.728000
493.000000 2537793.823000
494.000000 2539218.972000
495.000000 2540643.175000
496.000000 2542066.432000
497.000000 2543488.743000
498.000000 2544910.108000
499.000000 2546330.527000
500.000000 2547750.000000
501.000000 2549168.527000
502.000000 2550586.108000
503.000000 2552002.743000
504.000000 2553418.432000
505.000000 2554833.175000
506.000000 2556246.972000
507.000000 2557659.823000
508.000000 2559071.728000
509.000000 2560482.687000
510.000000 2561892.700000
511.000000 2563301.767000
512.000000 2564709.888000
513.000000 2566117.063000
514.000000 2567523.292000
515.000000 2568928.575000
516.000000 2570332.912000
517.000000 2571736.303000
518.000000 2573138.748000
519.000000 2574540.247000
520.000000 2575940.800000
521.000000 2577340.407000
522.000000 2578739.068000
523.000000 2580136.783000
524.000000 2581533.552000
525.000000 2582929.375000
526.000000 2584324.252000
527.000000 2585718.183000
528.000000 2587111.168000
529.000000 2588503.207000
530.000000 2589894.300000
531.000000 2591284.447000
532.000000 2592673.648000
533.000000 2594061.903000
534.000000 2595449.212000
535.000000 2596835.575000
536.000000 2598220.992000
537.000000 2599605.463000
538.000000 2600988.988000
539.000000 2602371.567000
540.000000 2603753.200000
541.000000 2605133.887000
542.000000 2606513.628000
543.000000 2607892.423000
544.000000 2609270.272000
545.000000 2610647.175000
546.000000 2612023.132000
547.000000 2613398.143000
548.000000 2614772.208000
549.000000 2616145.327000
550.000000 2617517.500000
551.000000 2618888.727000
552.000000 2620259.008000
553.000000 2621628.343000
554.000000 2622996.732000
555.000000 2624364.175000
556.000000 2625730.672000
557.000000 2627096.223000
558.000000 2628460.828000
559.000000 2629824.487000
560.000000 2631187.200000
561.000000 2632548.967000
562.000000 2633909.788000
563.000000 2635269.663000
564.000000 2636628.592000
565.000000 2637986.575000
566.000000 2639343.612000
567.000000 2640699.703000
568.000000 2642054.848000
569.000000 2643409.047000
570.000000 2644762.300000
571.000000 2646114.607000
572.000000 2647465.968000
573.000000 2648816.383000
574.000000 2650165.852000
575.000000 2651514.375000
576.000000 2652861.952000
577.000000 2654208.583000
578.000000 2655554.268000
579.000000 2656899.007000
580.000000 2658242.800000
581.000000 2659585.647000
582.000000 2660927.548000
583.000000 2662268.503000
584.000000 2663608.512000
585.000000 2664947.575000
586.000000 2666285.692000
587.000000 2667622.863000
588.000000 2668959.088000
589.000000 2670294.367000
590.000000 2671628.700000
591.000000 2672962.087000
592.000000 2674294.528000
593.000000 2675626.023000
594.000000 2676956.572000
595.000000 2678286.175000
596.000000 2679614.832000
597.000000 2680942.543000
598.000000 2682269.308000
599.000000 2683595.127000
600.000000 2684920.000000
601.000000 2686243.927000
602.000000 2687566.908000
603.000000 2688888.943000
604.000000 2690210.032000
605.000000 2691530.175000
606.000000 2692849.372000
607.000000 2694167.623000
608.000000 2695484.928000
609.000000 2696801.287000
610.000000 2698116.700000
611.000000 2699431.167000
612.000000 2700744.688000
613.000000 2702057.263000
614.000000 2703368.892000
615.000000 2704679.575000
616.000000 2705989.312000
617.000000 2707298.103000
618.000000 2708605.948000
619.000000 2709912.847000
620.000000 2711218.800000
621.000000 2712523.807000
622.000000 2713827.868000
623.000000 2715130.983000
624.000000 2716433.152000
625.000000 2717734.375000
626.000000 2719034.652000
627.000000 2720333.983000
628.000000 2721632.368000
629.000000 2722929.807000
630.000000 2724226.300000
631.000000 2725521.847000
632.000000 2726816.448000
633.000000 2728110.103000
634.000000 2729402.812000
635.000000 2730694.575000
636.000000 2731985.392000
637.000000 2733275.263000
638.000000 2734564.188000
639.000000 2735852.167000
640.000000 2737139.200000
641.000000 2738425.287000
642.000000 2739710.428000
643.000000 2740994.623000
644.000000 2742277.872000
645.000000 2743560.175000
646.000000 2744841.532000
647.000000 2746121.943000
648.000000 2747401.408000
649.000000 2748679.927000
650.000000 2749957.500000
651.000000 2751234.127000
652.000000 2752509.808000
653.000000 2753784.543000
654.000000 2755058.332000
655.000000 2756331.175000
656.000000 2757603.072000
657.000000 2758874.023000
658.000000 2760144.028000
659.000000 2761413.087000
660.000000 2762681.200000
661.000000 2763948.367000
662.000000 2765214.588000
663.000000 2766479.863000
664.000000 2767744.192000
665.000000 2769007.575000
666.000000 2770270.012000
667.000000 2771531.503000
668.000000 2772792.048000
669.000000 2774051.647000
670.000000 2775310.300000
671.000000 2776568.007000
672.000000 2777824.768000
673.000000 2779080.583000
674.000000 2780335.452000
675.000000 2781589.375000
676.000000 2782842.352000
677.000000 2784094.383000
678.000000 2785345.468000
679.000000 2786595.607000
680.000000 2787844.800000
681.000000 2789093.047000
682.000000 2790340.348000
683.000000 2791586.703000
684.000000 2792832.112000
685.000000 2794076.575000
686.000000 2795320.092000
687.000000 2796562.663000
688.000000 2797804.288000
689.000000 2799044.967000
690.000000 2800284.700000
691.000000 2801523.487000
692.000000 2802761.328000
693.000000 2803998.223000
694.000000 2805234.172000
695.000000 2806469.175000
696.000000 2807703.232000
697.000000 2808936.343000
698.000000 2810168.508000
699.000000 2811399.727000
700.000000 2812630.000000
701.000000 2813859.327000
702.000000 2815087.708000
703.000000 2816315.143000
704.000000 2817541.632000
705.000000 2818767.175000
706.000000 2819991.772000
707.000000 2821215.423000
708.000000 2822438.128000
709.000000 2823659.887000
710.000000 2824880.700000
711.000000 2826100.567000
712.000000 2827319.488000
713.000000 2828537.463000
714.000000 2829754.492000
715.000000 2830970.575000
716.000000 2832185.712000
717.000000 2833399.903000
718.000000 2834613.148000
719.000000 2835825.447000
720.000000 2837036.800000
721.000000 2838247.207000
722.000000 2839456.668000
723.000000 2840665.183000
724.000000 2841872.752000
725.000000 2843079.375000
726.000000 2844285.052000
727.000000 2845489.783000
728.000000 2846693.568000
729.000000 2847896.407000
730.000000 2849098.300000
731.000000 2850299.247000
732.000000 2851499.248000
733.000000 2852698.303000
734.000000 2853896.412000
735.000000 2855093.575000
736.000000 2856289.792000
737.000000 2857485.063000
738.000000 2858679.388000
739.000000 2859872.767000
740.000000 2861065.200000
741.000000 2862256.687000
742.000000 2863447.228000
743.000000 2864636.823000
744.000000 2865825.472000
745.000000 2867013.175000
746.000000 2868199.932000
747.000000 2869385.743000
748.000000 2870570.608000
749.000000 2871754.527000
750.000000 2872937.500000
751.000000 2874119.527000
752.000000 2875300.608000
753.000000 2876480.743000
754.000000 2877659.932000
755.000000 2878838.175000
756.000000 2880015.472000
757.000000 2881191.823000
758.000000 2882367.228000
759.000000 2883541.687000
760.000000 2884715.200000
761.000000 2885887.767000
762.000000 2887059.388000
763.000000 2888230.063000
764.000000 2889399.792000
765.000000 2890568.575000
766.000000 2891736.412000
767.000000 2892903.303000
768.000000 2894069.248000
769.000000 2895234.247000
770.000000 2896398.300000
771.000000 2897561.407000
772.000000 2898723.568000
773.000000 2899884.783000
774.000000 2901045.052000
775.000000 2902204.375000
776.000000 2903362.752000
777.000000 2904520.183000
778.000000 2905676.668000
779.000000 2906832.207000
780.000000 2907986.800000
781.000000 2909140.447000
782.000000 2910293.148000
783.000000 2911444.903000
784.000000 2912595.712000
785.000000 2913745.575000
786.000000 2914894.492000
787.000000 2916042.463000
788.000000 2917189.488000
789.000000 2918335.567000
790.000000 2919480.700000
791.000000 2920624.887000
792.000000 2921768.128000
793.000000 2922910.423000
794.000000 2924051.772000
795.000000 2925192.175000
796.000000 2926331.632000
797.000000 2927470.143000
798.000000 2928607.708000
799.000000 2929744.327000
800.000000 2930880.000000
801.000000 2932014.727000
802.000000 2933148.508000
803.000000 2934281.343000
804.000000 2935413.232000
805.000000 2936544.175000
806.000000 2937674.172000
807.000000 2938803.223000
808.000000 2939931.328000
809.000000 2941058.487000
810.000000 2942184.700000
811.000000 2943309.967000
812.000000 2944434.288000
813.000000 2945557.663000
814.000000 2946680.092000
815.000000 2947801.575000
816.000000 2948922.112000
817.000000 2950041.703000
818.000000 2951160.348000
819.000000 2952278.047000
820.000000 2953394.800000
821.000000 2954510.607000
822.000000 2955625.468000
823.000000 2956739.383000
824.000000 2957852.352000
825.000000 2958964.375000
826.000000 2960075.452000
827.000000 2961185.583000
828.000000 2962294.768000
829.000000 2963403.007000
830.000000 2964510.300000
831.000000 2965616.647000
832.000000 2966722.048000
833.000000 2967826.503000
834.000000 2968930.012000
835.000000 2970032.575000
836.000000 2971134.192000
837.000000 2972234.863000
838.000000 2973334.588000
839.000000 2974433.367000
840.000000 2975531.200000
841.000000 2976628.087000
842.000000 2977724.028000
843.000000 2978819.023000
844.000000 2979913.072000
845.000000 2981006.175000
846.000000 2982098.332000
847.000000 2983189.543000
848.000000 2984279.808000
849.000000 2985369.127000
850.000000 2986457.500000
851.000000 2987544.927000
852.000000 2988631.408000
853.000000 2989716.943000
854.000000 2990801.532000
855.000000 2991885.175000
856.000000 2992967.872000
857.000000 2994049.623000
858.000000 2995130.428000
859.000000 2996210.287000
860.000000 2997289.200000
861.000000 2998367.167000
862.000000 2999444.188000
863.000000 3000520.263000
864.000000 3001595.392000
865.000000 3002669.575000
866.000000 3003742.812000
867.000000 3004815.103000
868.000000 3005886.448000
869.000000 3006956.847000
870.000000 3008026.300000
871.000000 3009094.807000
872.000000 3010162.368000
873.000000 3011228.983000
874.000000 3012294.652000
875.000000 3013359.375000
876.000000 3014423.152000
877.000000 3015485.983000
878.000000 3016547.868000
879.000000 3017608.807000
880.000000 3018668.800000
881.000000 3019727.847000
882.000000 3020785.948000
883.000000 3021843.103000
884.000000 3022899.312000
885.000000 3023954.575000
886.000000 3025008.892000
887.000000 3026062.263000
888.000000 3027114.688000
889.000000 3028166.167000
890.000000 3029216.700000
891.000000 3030266.287000
892.000000 3031314.928000
893.000000 3032362.623000
894.000000 3033409.372000
895.000000 3034455.175000
896.000000 3035500.032000
897.000000 3036543.943000
898.000000 3037586.908000
899.000000 3038628.927000
900.000000 3039670.000000
901.000000 3040710.127000
902.000000 3041749.308000
903.000000 3042787.543000
904.000000 3043824.832000
905.000000 3044861.175000
906.000000 3045896.572000
907.000000 3046931.023000
908.000000 3047964.528000
909.000000 3048997.087000
910.000000 3050028.700000
911.000000 3051059.367000
912.000000 3052089.088000
913.000000 3053117.863000
914.000000 3054145.692000
915.000000 3055172.575000
916.000000 3056198.512000
917.000000 3057223.503000
918.000000 3058247.548000
919.000000 3059270.647000
920.000000 3060292.800000
921.000000 3061314.007000
922.000000 3062334.268000
923.000000 3063353.583000
924.000000 3064371.952000
925.000000 3065389.375000
926.000000 3066405.852000
927.000000 3067421.383000
928.000000 3068435.968000
929.000000 3069449.607000
930.000000 3070462.300000
931.000000 3071474.047000
932.000000 3072484.848000
933.000000 3073494.703000
934.000000 3074503.612000
935.000000 3075511.575000
936.000000 3076518.592000
937.000000 3077524.663000
938.000000 3078529.788000
939.000000 3079533.967000
940.000000 3080537.200000
941.000000 3081539.487000
942.000000 3082540.828000
943.000000 3083541.223000
944.000000 3084540.672000
945.000000 3085539.175000
946.000000 3086536.732000
947.000000 3087533.343000
948.000000 3088529.008000
949.000000 3089523.727000
950.000000 3090517.500000
951.000000 3091510.327000
952.000000 3092502.208000
953.000000 3093493.143000
954.000000 3094483.132000
955.000000 3095472.175000
956.000000 3096460.272000
957.000000 3097447.423000
958.000000 3098433.628000
959.000000 3099418.887000
960.000000 3100403.200000
961.000000 3101386.567000
962.000000 3102368.988000
963.000000 3103350.463000
964.000000 3104330.992000
965.000000 3105310.575000
966.000000 3106289.212000
967.000000 3107266.903000
968.000000 3108243.648000
969.000000 3109219.447000
970.000000 3110194.300000
971.000000 3111168.207000
972.000000 3112141.168000
973.000000 3113113.183000
974.000000 3114084.252000
975.000000 3115054.375000
976.000000 3116023.552000
977.000000 3116991.783000
978.000000 3117959.068000
979.000000 3118925.407000
980.000000 3119890.800000
981.000000 3120855.247000
982.000000 3121818.748000
983.000000 3122781.303000
984.000000 3123742.912000
985.000000 3124703.575000
986.000000 3125663.292000
987.000000 3126622.063000
988.000000 3127579.888000
989.000000 3128536.767000
990.000000 3129492.700000
991.000000 3130447.687000
992.000000 3131401.728000
993.000000 3132354.823000
994.000000 3133306.972000
995.000000 3134258.175000
996.000000 3135208.432000
997.000000 3136157.743000
998.000000 3137106.108000
999.000000 3138053.527000
1000.000000 3139000.000000
1001.000000 3139945.527000
1002.000000 3140890.108000
1003.000000 3141833.743000
1004.000000 3142776.432000
1005.000000 3143718.175000
1006.000000 3144658.972000
1007.000000 3145598.823000
1008.000000 3146537.728000
1009.000000 3147475.687000
1010.000000 3148412.700000
1011.000000 3149348.767000
1012.000000 3150283.888000
1013.000000 3151218.063000
1014.000000 3152151.292000
1015.000000 3153083.575000
1016.000000 3154014.912000
1017.000000 3154945.303000
1018.000000 3155874.748000
1019.000000 3156803.247000
1020.000000 3157730.800000
1021.000000 3158657.407000
1022.000000 3159583.068000
1023.000000 3160507.783000
1024.000000 3161431.552000
1025.000000 3162354.375000
1026.000000 3163276.252000
1027.000000 3164197.183000
1028.000000 3165117.168000
1029.000000 3166036.207000
1030.000000 3166954.300000
1031.000000 3167871.447000
1032.000000 3168787.648000
1033.000000 3169702.903000
1034.000000 3170617.212000
1035.000000 3171530.575000
1036.000000 3172442.992000
1037.000000 3173354.463000
1038.000000 3174264.988000
1039.000000 3175174.567000
1040.000000 3176083.200000
1041.000000 3176990.887000
1042.000000 3177897.628000
1043.000000 3178803.423000
1044.000000 3179708.272000
1045.000000 3180612.175000
1046.000000 3181515.132000
1047.000000 3182417.143000
1048.000000 3183318.208000
1049.000000 3184218.327000
1050.000000 3185117.500000
1051.000000 3186015.727000
1052.000000 3186913.008000
1053.000000 3187809.343000
1054.000000 3188704.732000
1055.000000 3189599.175000
1056.000000 3190492.672000
1057.000000 3191385.223000
1058.000000 3192276.828000
1059.000000 3193167.487000
1060.000000 3194057.200000
1061.000000 3194945.967000
1062.000000 3195833.788000
1063.000000 3196720.663000
1064.000000 3197606.592000
1065.000000 3198491.575000
1066.000000 3199375.612000
1067.000000 3200258.703000
1068.000000 3201140.848000
1069.000000 3202022.047000
1070.000000 3202902.300000
1071.000000 3203781.607000
1072.000000 3204659.968000
1073.000000 3205537.383000
1074.000000 3206413.852000
1075.000000 3207289.375000
1076.000000 3208163.952000
1077.000000 3209037.583000
1078.000000 3209910.268000
1079.000000 3210782.007000
1080.000000 3211652.800000
1081.000000 3212522.647000
1082.000000 3213391.548000
1083.000000 3214259.503000
1084.000000 3215126.512000
1085.000000 3215992.575000
1086.000000 3216857.692000
1087.000000 3217721.863000
1088.000000 3218585.088000
1089.000000 3219447.367000
1090.000000 3220308.700000
1091.000000 3221169.087000
1092.000000 3222028.528000
1093.000000 3222887.023000
1094.000000 3223744.572000
1095.000000 3224601.175000
1096.000000 3225456.832000
1097.000000 3226311.543000
1098.000000 3227165.308000
1099.000000 3228018.127000
1100.000000 3228870.000000
1101.000000 3229720.927000
1102.000000 3230570.908000
1103.000000 3231419.943000
1104.000000 3232268.032000
1105.000000 3233115.175000
1106.000000 3233961.372000
1107.000000 3234806.623000
1108.000000 3235650.928000
1109.000000 3236494.287000
1110.000000 3237336.700000
1111.000000 3238178.167000
1112.000000 3239018.688000
1113.000000 3239858.263000
1114.000000 3240696.892000
1115.000000 3241534.575000
1116.000000 3242371.312000
1117.000000 3243207.103000
1118.000000 3244041.948000
1119.000000 3244875.847000
1120.000000 3245708.800000
1121.000000 3246540.807000
1122.000000 3247371.868000
1123.000000 3248201.983000
1124.000000 3249031.152000
1125.000000 3249859.375000
1126.000000 3250686.652000
1127.000000 3251512.983000
1128.000000 3252338.368000
1129.000000 3253162.807000
1130.000000 3253986.300000
1131.000000 3254808.847000
1132.000000 3255630.448000
1133.000000 3256451.103000
1134.000000 3257270.812000
1135.000000 3258089.575000
1136.000000 3258907.392000
1137.000000 3259724.263000
1138.000000 3260540.188000
1139.000000 3261355.167000
1140.000000 3262169.200000
1141.000000 3262982.287000
1142.000000 3263794.428000
1143.000000 3264605.623000
1144.000000 3265415.872000
1145.000000 3266225.175000
1146.000000 3267033.532000
1147.000000 3267840.943000
1148.000000 3268647.408000
1149.000000 3269452.927000
1150.000000 3270257.500000
1151.000000 3271061.127000
1152.000000 3271863.808000
1153.000000 3272665.543000
1154.000000 3273466.332000
1155.000000 3274266.175000
1156.000000 3275065.072000
1157.000000 3275863.023000
1158.000000 3276660.028000
1159.000000 3277456.087000
1160.000000 3278251.200000
1161.000000 3279045.367000
1162.000000 3279838.588000
1163.000000 3280630.863000
1164.000000 3281422.192000
1165.000000 3282212.575000
1166.000000 3283002.012000
1167.000000 3283790.503000
1168.000000 3284578.048000
1169.000000 3285364.647000
1170.000000 3286150.300000
1171.000000 3286935.007000
1172.000000 3287718.768000
1173.000000 3288501.583000
1174.000000 3289283.452000
1175.000000 3290064.375000
1176.000000 3290844.352000
1177.000000 3291623.383000
1178.000000 3292401.468000
1179.000000 3293178.607000
1180.000000 3293954.800000
1181.000000 3294730.047000
1182.000000 3295504.348000
1183.000000 3296277.703000
1184.000000 3297050.112000
1185.000000 3297821.575000
1186.000000 3298592.092000
1187.000000 3299361.663000
1188.000000 3300130.288000
1189.000000 3300897.967000
1190.000000 3301664.700000
1191.000000 3302430.487000
1192.000000 3303195.328000
1193.000000 3303959.223000
1194.000000 3304722.172000
1195.000000 3305484.175000
1196.000000 3306245.232000
1197.000000 3307005.343000
1198.000000 3307764.508000
1199.000000 3308522.727000
1200.000000 3309280.000000
1201.000000 3310036.327000
1202.000000 3310791.708000
1203.000000 3311546.143000
1204.000000 3312299.632000
1205.000000 3313052.175000
1206.000000 3313803.772000
1207.000000 3314554.423000
1208.000000 3315304.128000
1209.000000 3316052.887000
1210.000000 3316800.700000
1211.000000 3317547.567000
1212.000000 3318293.488000
1213.000000 3319038.463000
1214.000000 3319782.492000
1215.000000 3320525.575000
1216.000000 3321267.712000
1217.000000 3322008.903000
1218.000000 3322749.148000
1219.000000 3323488.447000
1220.000000 3324226.800000
1221.000000 3324964.207000
1222.000000 3325700.668000
1223.000000 3326436.183000
1224.000000 3327170.752000
1225.000000 3327904.375000
1226.000000 3328637.052000
1227.000000 3329368.783000
1228.000000 3330099.568000
1229.000000 3330829.407000
1230.000000 3331558.300000
1231.000000 3332286.247000
1232.000000 3333013.248000
1233.000000 3333739.303000
1234.000000 3334464.412000
1235.000000 3335188.575000
1236.000000 3335911.792000
1237.000000 3336634.063000
1238.000000 3337355.388000
1239.000000 3338075.767000
1240.000000 3338795.200000
1241.000000 3339513.687000
1242.000000 3340231.228000
1243.000000 3340947.823000
1244.000000 3341663.472000
1245.000000 3342378.175000
1246.000000 3343091.932000
1247.000000 3343804.743000
1248.000000 3344516.608000
1249.000000 3345227.527000
1250.000000 3345937.500000
1251.000000 3346646.527000
1252.000000 3347354.608000
1253.000000 3348061.743000
1254.000000 3348767.932000
1255.000000 3349473.175000
1256.000000 3350177.472000
1257.000000 3350880.823000
1258.000000 3351583.228000
1259.000000 3352284.687000
1260.000000 3352985.200000
1261.000000 3353684.767000
1262.000000 3354383.388000
1263.000000 3355081.063000
1264.000000 3355777.792000
1265.000000 3356473.575000
1266.000000 3357168.412000
1267.000000 3357862.303000
1268.000000 3358555.248000
1269.000000 3359247.247000
1270.000000 3359938.300000
1271.000000 3360628.407000
1272.000000 3361317.568000
1273.000000 3362005.783000
1274.000000 3362693.052000
1275.000000 3363379.375000
1276.000000 3364064.752000
1277.000000 3364749.183000
1278.000000 3365432.668000
1279.000000 3366115.207000
1280.000000 3366796.800000
1281.000000 3367477.447000
1282.000000 3368157.148000
1283.000000 3368835.903000
1284.000000 3369513.712000
1285.000000 3370190.575000
1286.000000 3370866.492000
1287.000000 3371541.463000
1288.000000 3372215.488000
1289.000000 3372888.567000
1290.000000 3373560.700000
1291.000000 3374231.887000
1292.000000 3374902.128000
1293.000000 3375571.423000
1294.000000 3376239.772000
1295.000000 3376907.175000
1296.000000 3377573.632000
1297.000000 3378239.143000
1298.000000 3378903.708000
1299.000000 3379567.327000
1300.000000 3380230.000000
1301.000000 3380891.727000
1302.000000 3381552.508000
1303.000000 3382212.343000
1304.000000 3382871.232000
1305.000000 3383529.175000
1306.000000 3384186.172000
1307.000000 3384842.223000
1308.000000 3385497.328000
1309.000000 3386151.487000
1310.000000 3386804.700000
1311.000000 3387456.967000
1312.000000 3388108.288000
1313.000000 3388758.663000
1314.000000 3389408.092000
1315.000000 3390056.575000
1316.000000 3390704.112000
1317.000000 3391350.703000
1318.000000 3391996.348000
1319.000000 3392641.047000
1320.000000 3393284.800000
1321.000000 3393927.607000
1322.000000 3394569.468000
1323.000000 3395210.383000
1324.000000 3395850.352000
1325.000000 3396489.375000
1326.000000 3397127.452000
1327.000000 3397764.583000
1328.000000 3398400.768000
1329.000000 3399036.007000
1330.000000 3399670.300000
1331.000000 3400303.647000
1332.000000 3400936.048000
1333.000000 3401567.503000
1334.000000 3402198.012000
1335.000000 3402827.575000
1336.000000 3403456.192000
1337.000000 3404083.863000
1338.000000 3404710.588000
1339.000000 3405336.367000
1340.000000 3405961.200000
1341.000000 3406585.087000
1342.000000 3407208.028000
1343.000000 3407830.023000
1344.000000 3408451.072000
1345.000000 3409071.175000
1346.000000 3409690.332000
1347.000000 3410308.543000
1348.000000 3410925.808000
1349.000000 3411542.127000
1350.000000 3412157.500000
1351.000000 3412771.927000
1352.000000 3413385.408000
1353.000000 3413997.943000
1354.000000 3414609.532000
1355.000000 3415220.175000
1356.000000 3415829.872000
1357.000000 3416438.623000
1358.000000 3417046.428000
1359.000000 3417653.287000
1360.000000 3418259.200000
1361.000000 3418864.167000
1362.000000 3419468.188000
1363.000000 3420071.263000
1364.000000 3420673.392000
1365.000000 3421274.575000
1366.000000 3421874.812000
1367.000000 3422474.103000
1368.000000 3423072.448000
1369.000000 3423669.847000
1370.000000 3424266.300000
1371.000000 3424861.807000
1372.000000 3425456.368000
1373.000000 3426049.983000
1374.000000 3426642.652000
1375.000000 3427234.375000
1376.000000 3427825.152000
1377.000000 3428414.983000
1378.000000 3429003.868000
1379.000000 3429591.807000
1380.000000 3430178.800000
1381.000000 3430764.847000
1382.000000 3431349.948000
1383.000000 3431934.103000
1384.000000 3432517.312000
1385.000000 3433099.575000
1386.000000 3433680.892000
1387.000000 3434261.263000
1388.000000 3434840.688000
1389.000000 3435419.167000
1390.000000 3435996.700000
1391.000000 3436573.287000
1392.000000 3437148.928000
1393.000000 3437723.623000
1394.000000 3438297.372000
1395.000000 3438870.175000
1396.000000 3439442.032000
1397.000000 3440012.943000
1398.000000 3440582.908000
1399.000000 3441151.927000
1400.000000 3441720.000000
1401.000000 3442287.127000
1402.000000 3442853.308000
1403.000000 3443418.543000
1404.000000 3443982.832000
1405.000000 3444546.175000
1406.000000 3445108.572000
1407.000000 3445670.023000
1408.000000 3446230.528000
1409.000000 3446790.087000
1410.000000 3447348.700000
1411.000000 3447906.367000
1412.000000 3448463.088000
1413.000000 3449018.863000
1414.000000 3449573.692000
1415.000000 3450127.575000
1416.000000 3450680.512000
1417.000000 3451232.503000
1418.000000 3451783.548000
1419.000000 3452333.647000
1420.000000 3452882.800000
1421.000000 3453431.007000
1422.000000 3453978.268000
1423.000000 3454524.583000
1424.000000 3455069.952000
1425.000000 3455614.375000
1426.000000 3456157.852000
1427.000000 3456700.383000
1428.000000 3457241.968000
1429.000000 3457782.607000
1430.000000 3458322.300000
1431.000000 3458861.047000
1432.000000 3459398.848000
1433.000000 3459935.703000
1434.000000 3460471.612000
1435.000000 3461006.575000
1436.000000 3461540.592000
1437.000000 3462073.663000
1438.000000 3462605.788000
1439.000000 3463136.967000
1440.000000 3463667.200000
1441.000000 3464196.487000
1442.000000 3464724.828000
1443.000000 3465252.223000
1444.000000 3465778.672000
1445.000000 3466304.175000
1446.000000 3466828.732000
1447.000000 3467352.343000
1448.000000 3467875.008000
1449.000000 3468396.727000
1450.000000 3468917.500000
1451.000000 3469437.327000
1452.000000 3469956.208000
1453.000000 3470474.143000
1454.000000 3470991.132000
1455.000000 3471507.175000
1456.000000 3472022.272000
1457.000000 3472536.423000
1458.000000 3473049.628000
1459.000000 3473561.887000
1460.000000 3474073.200000
1461.000000 3474583.567000
1462.000000 3475092.988000
1463.000000 3475601.463000
1464.000000 3476108.992000
1465.000000 3476615.575000
1466.000000 3477121.212000
1467.000000 3477625.903000
1468.000000 3478129.648000
1469.000000 3478632.447000
1470.000000 3479134.300000
1471.000000 3479635.207000
1472.000000 3480135.168000
1473.000000 3480634.183000
1474.000000 3481132.252000
1475.000000 3481629.375000
1476.000000 3482125.552000
1477.000000 3482620.783000
1478.000000 3483115.068000
1479.000000 3483608.407000
1480.000000 3484100.800000
1481.000000 3484592.247000
1482.000000 3485082.748000
1483.000000 3485572.303000
1484.000000 3486060.912000
1485.000000 3486548.575000
1486.000000 3487035.292000
1487.000000 3487521.063000
1488.000000 3488005.888000
1489.000000 3488489.767000
1490.000000 3488972.700000
1491.000000 3489454.687000
1492.000000 3489935.728000
1493.000000 3490415.823000
1494.000000 3490894.972000
1495.000000 3491373.175000
1496.000000 3491850.432000
1497.000000 3492326.743000
1498.000000 3492802.108000
1499.000000 3493276.527000
1500.000000 3493750.000000
1501.000000 3494222.527000
1502.000000 3494694.108000
1503.000000 3495164.743000
1504.000000 3495634.432000
1505.000000 3496103.175000
1506.000000 3496570.972000
1507.000000 3497037.823000
1508.000000 3497503.728000
1509.000000 3497968.687000
1510.000000 3498432.700000
1511.000000 3498895.767000
1512.000000 3499357.888000
1513.000000 3499819.063000
1514.000000 3500279.292000
1515.000000 3500738.575000
1516.000000 3501196.912000
1517.000000 3501654.303000
1518.000000 3502110.748000
1519.000000 3502566.247000
1520.000000 3503020.800000
1521.000000 3503474.407000
1522.000000 3503927.068000
1523.000000 3504378.783000
1524.000000 3504829.552000
1525.000000 3505279.375000
1526.000000 3505728.252000
1527.000000 3506176.183000
1528.000000 3506623.168000
1529.000000 3507069.207000
1530.000000 3507514.300000
1531.000000 3507958.447000
1532.000000 3508401.648000
1533.000000 3508843.903000
1534.000000 3509285.212000
1535.000000 3509725.575000
1536.000000 3510164.992000
1537.000000 3510603.463000
1538.000000 3511040.988000
1539.000000 3511477.567000
1540.000000 3511913.200000
1541.000000 3512347.887000
1542.000000 3512781.628000
1543.000000 3513214.423000
1544.000000 3513646.272000
1545.000000 3514077.175000
1546.000000 3514507.132000
1547.000000 3514936.143000
1548.000000 3515364.208000
1549.000000 3515791.327000
1550.000000 3516217.500000
1551.000000 3516642.727000
1552.000000 3517067.008000
1553.000000 3517490.343000
1554.000000 3517912.732000
1555.000000 3518334.175000
1556.000000 3518754.672000
1557.000000 3519174.223000
1558.000000 3519592.828000
1559.000000 3520010.487000
1560.000000 3520427.200000
1561.000000 3520842.967000
1562.000000 3521257.788000
1563.000000 3521671.663000
1564.000000 3522084.592000
1565.000000 3522496.575000
1566.000000 3522907.612000
1567.000000 3523317.703000
1568.000000 3523726.848000
1569.000000 3524135.047000
1570.000000 3524542.300000
1571.000000 3524948.607000
1572.000000 3525353.968000
1573.000000 3525758.383000
1574.000000 3526161.852000
1575.000000 3526564.375000
1576.000000 3526965.952000
1577.000000 3527366.583000
1578.000000 3527766.268000
1579.000000 3528165.007000
1580.000000 3528562.800000
1581.000000 3528959.647000
1582.000000 3529355.548000
1583.000000 3529750.503000
1584.000000 3530144.512000
1585.000000 3530537.575000
1586.000000 3530929.692000
1587.000000 3531320.863000
1588.000000 3531711.088000
1589.000000 3532100.367000
1590.000000 3532488.700000
1591.000000 3532876.087000
1592.000000 3533262.528000
1593.000000 3533648.023000
1594.000000 3534032.572000
1595.000000 3534416.175000
1596.000000 3534798.832000
1597.000000 3535180.543000
1598.000000 3535561.308000
1599.000000 3535941.127000
1600.000000 3536320.000000
1601.000000 3536697.927000
1602.000000 3537074.908000
1603.000000 3537450.943000
1604.000000 3537826.032000
1605.000000 3538200.175000
1606.000000 3538573.372000
1607.000000 3538945.623000
1608.000000 3539316.928000
1609.000000 3539687.287000
1610.000000 3540056.700000
1611.000000 3540425.167000
1612.000000 3540792.688000
1613.000000 3541159.263000
1614.000000 3541524.892000
1615.000000 3541889.575000
1616.000000 3542253.312000
1617.000000 3542616.103000
1618.000000 3542977.948000
1619.000000 3543338.847000
1620.000000 3543698.800000
1621.000000 3544057.807000
1622.000000 3544415.868000
1623.000000 3544772.983000
1624.000000 3545129.152000
1625.000000 3545484.375000
1626.000000 3545838.652000
1627.000000 3546191.983000
1628.000000 3546544.368000
1629.000000 3546895.807000
1630.000000 3547246.300000
1631.000000 3547595.847000
1632.000000 3547944.448000
1633.000000 3548292.103000
1634.000000 3548638.812000
1635.000000 3548984.575000
1636.000000 3549329.392000
1637.000000 3549673.263000
1638.000000 3550016.188000
1639.000000 3550358.167000
1640.000000 3550699.200000
1641.000000 3551039.287000
1642.000000 3551378.428000
1643.000000 3551716.623000
1644.000000 3552053.872000
1645.000000 3552390.175000
1646.000000 3552725.532000
1647.000000 3553059.943000
1648.000000 3553393.408000
1649.000000 3553725.927000
1650.000000 3554057.500000
1651.000000 3554388.127000
1652.000000 3554717.808000
1653.000000 3555046.543000
1654.000000 3555374.332000
1655.000000 3555701.175000
1656.000000 3556027.072000
1657.000000 3556352.023000
1658.000000 3556676.028000
1659.000000 3556999.087000
1660.000000 3557321.200000
1661.000000 3557642.367000
1662.000000 3557962.588000
1663.000000 3558281.863000
1664.000000 3558600.192000
1665.000000 3558917.575000
1666.000000 3559234.012000
1667.000000 3559549.503000
1668.000000 3559864.048000
1669.000000 3560177.647000
1670.000000 3560490.300000
1671.000000 3560802.007000
1672.000000 3561112.768000
1673.000000 3561422.583000
1674.000000 3561731.452000
1675.000000 3562039.375000
1676.000000 3562346.352000
1677.000000 3562652.383000
1678.000000 3562957.468000
1679.000000 3563261.607000
1680.000000 3563564.800000
1681.000000 3563867.047000
1682.000000 3564168.348000
1683.000000 3564468.703000
1684.000000 3564768.112000
1685.000000 3565066.575000
1686.000000 3565364.092000
1687.000000 3565660.663000
1688.000000 3565956.288000
1689.000000 3566250.967000
1690.000000 3566544.700000
1691.000000 3566837.487000
1692.000000 3567129.328000
1693.000000 3567420.223000
1694.000000 3567710.172000
1695.000000 3567999.175000
1696.000000 3568287.232000
1697.000000 3568574.343000
1698.000000 3568860.508000
1699.000000 3569145.727000
1700.000000 3569430.000000
1701.000000 3569713.327000
1702.000000 3569995.708000
1703.000000 3570277.143000
1704.000000 3570557.632000
1705.000000 3570837.175000
1706.000000 3571115.772000
1707.000000 3571393.423000
1708.000000 3571670.128000
1709.000000 3571945.887000
1710.000000 3572220.700000
1711.000000 3572494.567000
1712.000000 3572767.488000
1713.000000 3573039.463000
1714.000000 3573310.492000
1715.000000 3573580.575000
1716.000000 3573849.712000
1717.000000 3574117.903000
1718.000000 3574385.148000
1719.000000 3574651.447000
1720.000000 3574916.800000
1721.000000 3575181.207001
1722.000000 3575444.668001
1723.000000 3575707.183001
1724.000000 3575968.752001
1725.000000 3576229.375002
1726.000000 3576489.052002
1727.000000 3576747.783003
1728.000000 3577005.568004
1729.000000 3577262.407005
1730.000000 3577518.300007
1731.000000 3577773.247009
1732.000000 3578027.248011
1733.000000 3578280.303014
1734.000000 3578532.412019
1735.000000 3578783.575024
1736.000000 3579033.792032
1737.000000 3579283.063041
1738.000000 3579531.388053
1739.000000 3579778.767069
1740.000000 3580025.200089
1741.000000 3580270.687115
1742.000000 3580515.228148
1743.000000 3580758.823190
1744.000000 3581001.472244
1745.000000 3581243.175313
1746.000000 3581483.932402
1747.000000 3581723.743514
1748.000000 3581962.608657
1749.000000 3582200.527839
1750.000000 3582437.501070
1751.000000 3582673.528363
1752.000000 3582908.609734
1753.000000 3583142.745203
1754.000000 3583375.934796
1755.000000 3583608.178543
1756.000000 3583839.476484
1757.000000 3584069.828668
1758.000000 3584299.235156
1759.000000 3584527.696024
1760.000000 3584755.211365
1761.000000 3584981.781295
1762.000000 3585207.405958
1763.000000 3585432.085531
1764.000000 3585655.820234
1765.000000 3585878.610336
1766.000000 3586100.456169
1767.000000 3586321.358141
1768.000000 3586541.316753
1769.000000 3586760.332618
1770.000000 3586978.406486
1771.000000 3587195.539276
1772.000000 3587411.732107
1773.000000 3587626.986343
1774.000000 3587841.303645
1775.000000 3588054.686031
1776.000000 3588267.135952
1777.000000 3588478.656377
1778.000000 3588689.250901
1779.000000 3588898.923869
1780.000000 3589107.680525
1781.000000 3589315.527191
1782.000000 3589522.471477
1783.000000 3589728.522533
1784.000000 3589933.691338
1785.000000 3590137.991059
1786.000000 3590341.437453
1787.000000 3590544.049359
1788.000000 3590745.849267
1789.000000 3590946.863984
1790.000000 3591147.125423
1791.000000 3591346.671523
1792.000000 3591545.547317
1793.000000 3591743.806188
1794.000000 3591941.511330
1795.000000 3592138.737441
1796.000000 3592335.572693
1797.000000 3592532.121019
1798.000000 3592728.504750
1799.000000 3592924.867672
1800.000000 3593121.378546
1801.000000 3593318.235161
1802.000000 3593515.668999
1803.000000 3593713.950582
1804.000000 3593913.395600
1805.000000 3594114.371928
1806.000000 3594317.307622
1807.000000 3594522.700052
1808.000000 3594731.126278
1809.000000 3594943.254844
1810.000000 3595159.859152
1811.000000 3595381.832596
1812.000000 3595610.205656
1813.000000 3595846.165188
1814.000000 3596091.076125
1815.000000 3596346.505873
1816.000000 3596614.251659
1817.000000 3596896.371157
1818.000000 3597195.216694
1819.000000 3597513.473401
1820.000000 3597854.201669
1821.000000 3598220.884306
1822.000000 3598617.478812
1823.000000 3599048.475205
1824.000000 3599518.959864
1825.000000 3600034.685857
1826.000000 3600602.150256
1827.000000 3601228.678944
1828.000000 3601922.519441
1829.000000 3602692.942270
1830.000000 3603550.351407
1831.000000 3604506.404339
1832.000000 3605574.142255
1833.000000 3606768.130879
1834.000000 3608104.612449
1835.000000 3609601.669264
1836.000000 3611279.399263
1837.000000 3613160.103962
1838.000000 3615268.489081
1839.000000 3617631.878081
1840.000000 3620280.438761
1841.000000 3623247.422947
1842.000000 3626569.419217
1843.000000 3630286.618439
1844.000000 3634443.091780
1845.000000 3639087.080662
1846.000000 3644271.297966
1847.000000 3650053.239586
1848.000000 3656495.505220
1849.000000 3663666.127044
1850.000000 3671638.904675
1851.000000 3680493.744572
1852.000000 3690317.001719
1853.000000 3701201.821180
1854.000000 3713248.476774
1855.000000 3726564.703854
1856.000000 3741266.022810
1857.000000 3757476.049641
1858.000000 3775326.789595
1859.000000 3794958.909567
1860.000000 3816521.984664
1861.000000 3840174.714016
1862.000000 3866085.100684
1863.000000 3894430.590218
1864.000000 3925398.162260
1865.000000 3959184.369339
1866.000000 3995995.316916
1867.000000 4036046.578606
1868.000000 4079563.040485
1869.000000 4126778.668398
1870.000000 4177936.192269
1871.000000 4233286.701572
1872.000000 4293089.146356
1873.000000 4357609.738527
1874.000000 4427121.248484
1875.000000 4501902.192727
1876.000000 4582235.908578
1877.000000 4668409.512907
1878.000000 4760712.742455
1879.000000 4859436.674271
1880.000000 4964872.325695
1881.000000 5077309.134400
1882.000000 5197033.320123
1883.000000 5324326.130937
1884.000000 5459461.978204
1885.000000 5602706.465694
1886.000000 5754314.319768
1887.000000 5914527.228959
1888.000000 6083571.602749
1889.000000 6261656.260850
1890.000000 6448970.065737
1891.000000 6645679.512671
1892.000000 6851926.292838
1893.000000 7067824.846611
1894.000000 7293459.925190
1895.000000 7528884.180077
1896.000000 7774115.800873
1897.000000 8029136.222807
1898.000000 8293887.926169
1899.000000 8568272.350361
1900.000000 8852147.945682
1901.000000 9145328.386108
1902.000000 9447580.966248
1903.000000 9758625.205362
1904.000000 10078131.680739
1905.000000 10405721.111925
1906.000000 10740963.716181
1907.000000 11083378.854198
1908.000000 11432434.983483
1909.000000 11787549.934911
1910.000000 12148091.525846
1911.000000 12513378.520814
1912.000000 12882681.948141
1913.000000 13255226.778154
1914.000000 13630193.965562
1915.000000 14006722.855489
1916.000000 14383913.949383
1917.000000 14760832.023653
1918.000000 15136509.590488
1919.000000 15509950.686865
1920.000000 15880134.974351
1921.000000 16246022.128940
1922.000000 16606556.496888
1923.000000 16960671.989432
1924.000000 17307297.186273
1925.000000 17645360.615029
1926.000000 17973796.171368
1927.000000 18291548.642341
1928.000000 18597579.293583
1929.000000 18890871.479561
1930.000000 19170436.234859
1931.000000 19435317.803834
1932.000000 19684599.065583
1933.000000 19917406.811327
1934.000000 20132916.831833
1935.000000 20330358.773475
1936.000000 20509020.722968
1937.000000 20668253.482610
1938.000000 20807474.500137
1939.000000 20926171.419910
1940.000000 21023905.225147
1941.000000 21100312.944230
1942.000000 21155109.897755
1943.000000 21188091.466840
1944.000000 3612000.000000
1945.000000 3612000.000000
1946.000000 3612000.000000
1947.000000 3612000.000000
1948.000000 3612000.000000
1949.000000 3612000.000000
1950.000000 3612000.000000
1951.000000 3612000.000000
1952.000000 3612000.000000
1953.000000 3612000.000000
1954.000000 3612000.000000
1955.000000 3612000.000000
1956.000000 3612000.000000
1957.000000 3612000.000000
1958.000000 3612000.000000
1959.000000 3612000.000000
1960.000000 3612000.000000
1961.000000 3612000.000000
1962.000000 3612000.000000
1963.000000 3612000.000000
1964.000000 3612000.000000
1965.000000 3612000.000000
1966.000000 3612000.000000
1967.000000 3612000.000000
1968.000000 3612000.000000
1969.000000 3612000.000000
1970.000000 3612000.000000
1971.000000 3612000.000000
1972.000000 3612000.000000
1973.000000 3612000.000000
1974.000000 3612000.000000
1975.000000 3612000.000000
1976.000000 3612000.000000
1977.000000 3612000.000000
1978.000000 3612000.000000
1979.000000 3612000.000000
1980.000000 3612000.000000
1981.000000 3612000.000000
1982.000000 3612000.000000
1983.000000 3612000.000000
1984.000000 3612000.000000
1985.000000 3612000.000000
1986.000000 3612000.000000
1987.000000 3612000.000000
1988.000000 3612000.000000
1989.000000 3612000.000000
1990.000000 3612000.000000
1991.000000 3612000.000000
1992.000000 3612000.000000
1993.000000 3612000.000000
1994.000000 3612000.000000
1995.000000 3612000.000000
1996.000000 3612000.000000
1997.000000 3612000.000000
1998.000000 3612000.000000
1999.000000 3612000.000000
2000.000000 3612000.000000
2001.000000 3612000.000000
2002.000000 3612000.000000
2003.000000 3612000.000000
2004.000000 3612000.000000
2005.000000 3612000.000000
2006.000000 3612000.000000
2007.000000 3612000.000000
2008.000000 3612000.000000
2009.000000 3612000.000000
2010.000000 3612000.000000
2011.000000 3612000.000000
2012.000000 3612000.000000
2013.000000 3612000.000000
2014.000000 3612000.000000
2015.000000 3612000.000000
2016.000000 3612000.000000
2017.000000 3612000.000000
2018.000000 3612000.000000
2019.000000 3612000.000000
2020.000000 3612000.000000
2021.000000 3612000.000000
2022.000000 3612000.000000
2023.000000 3612000.000000
2024.000000 3612000.000000
2025.000000 3612000.000000
2026.000000 3612000.000000
2027.000000 3612000.000000
2028.000000 3612000.000000
2029.000000 3612000.000000
2030.000000 3612000.000000
2031.000000 3612000.000000
2032.000000 3612000.000000
2033.000000 3612000.000000
2034.000000 3612000.000000
2035.000000 3612000.000000
2036.000000 3612000.000000
2037.000000 3612000.000000
2038.000000 3612000.000000
2039.000000 3612000.000000
2040.000000 3612000.000000
2041.000000 3612000.000000
2042.000000 3612000.000000
2043.000000 3612000.000000
2044.000000 3612000.000000
2045.000000 3612000.000000
2046.000000 3612000.000000
2047.000000 3612000.000000
2048.000000 3612000.000000
2049.000000 3612000.000000
2050.000000 3612000.000000
2051.000000 3612000.000000
2052.000000 3612000.000000
2053.000000 3612000.000000
2054.000000 3612000.000000
2055.000000 3612000.000000
2056.000000 3612000.000000
2057.000000 3612000.000000
2058.000000 3612000.000000
2059.000000 3612000.000000
2060.000000 3612000.000000
2061.000000 3612000.000000
2062.000000 3612000.000000
2063.000000 3612000.000000
2064.000000 3612000.000000
2065.000000 3612000.000000
2066.000000 3612000.000000
2067.000000 3612000.000000
2068.000000 3612000.000000
2069.000000 3612000.000000
2070.000000 3612000.000000
2071.000000 3612000.000000
2072.000000 3612000.000000
2073.000000 3612000.000000
2074.000000 3612000.000000
2075.000000 3612000.000000
2076.000000 3612000.000000
2077.000000 3612000.000000
2078.000000 3612000.000000
2079.000000 3612000.000000
2080.000000 3612000.000000
2081.000000 3612000.000000
2082.000000 3612000.000000
2083.000000 3612000.000000
2084.000000 3612000.000000
2085.000000 3612000.000000
2086.000000 3612000.000000
2087.000000 3612000.000000
2088.000000 3612000.000000
2089.000000 3612000.000000
2090.000000 3612000.000000
2091.000000 3612000.000000
2092.000000 3612000.000000
2093.000000 3612000.000000
2094.000000 3612000.000000
2095.000000 3612000.000000
2096.000000 3612000.000000
2097.000000 3612000.000000
2098.000000 3612000.000000
2099.000000 3612000.000000
2100.000000 3612000.000000
2101.000000 3612000.000000
2102.000000 3612000.000000
2103.000000 3612000.000000
2104.000000 3612000.000000
2105.000000 3612000.000000
2106.000000 3612000.000000
2107.000000 3612000.000000
2108.000000 3612000.000000
2109.000000 3612000.000000
2110.000000 3612000.000000
2111.000000 3612000.000000
2112.000000 3612000.000000
2113.000000 3612000.000000
2114.000000 3612000.000000
2115.000000 3612000.000000
2116.000000 3612000.000000
2117.000000 3612000.000000
2118.000000 3612000.000000
2119.000000 3612000.000000
2120.000000 3612000.000000
2121.000000 3612000.000000
2122.000000 3612000.000000
2123.000000 3612000.000000
2124.000000 3612000.000000
2125.000000 3612000.000000
2126.000000 3612000.000000
2127.000000 3612000.000000
2128.000000 3612000.000000
2129.000000 3612000.000000
2130.000000 3612000.000000
2131.000000 3612000.000000
2132.000000 3612000.000000
2133.000000 3612000.000000
2134.000000 3612000.000000
2135.000000 3612000.000000
2136.000000 3612000.000000
2137.000000 3612000.000000
2138.000000 3612000.000000
2139.000000 3612000.000000
2140.000000 3612000.000000
2141.000000 3612000.000000
2142.000000 3612000.000000
2143.000000 3612000.000000
2144.000000 3612000.000000
2145.000000 3612000.000000
2146.000000 3612000.000000
2147.000000 3612000.000000
2148.000000 3612000.000000
2149.000000 3612000.000000
2150.000000 3612000.000000
2151.000000 3612000.000000
2152.000000 3612000.000000
2153.000000 3612000.000000
2154.000000 3612000.000000
2155.000000 3612000.000000
2156.000000 3612000.000000
2157.000000 3612000.000000
2158.000000 3612000.000000
2159.000000 3612000.000000
2160.000000 3612000.000000
2161.000000 3612000.000000
2162.000000 3612000.000000
2163.000000 3612000.000000
2164.000000 3612000.000000
2165.000000 3612000.000000
2166.000000 3612000.000000
2167.000000 3612000.000000
2168.000000 3612000.000000
2169.000000 3612000.000000
2170.000000 3612000.000000
2171.000000 3612000.000000
2172.000000 3612000.000000
2173.000000 3612000.000000
2174.000000 3612000.000000
2175.000000 3612000.000000
2176.000000 3612000.000000
2177.000000 3612000.000000
2178.000000 3612000.000000
2179.000000 3612000.000000
2180.000000 3612000.000000
2181.000000 3612000.000000
2182.000000 3612000.000000
2183.000000 3612000.000000
2184.000000 3612000.000000
2185.000000 3612000.000000
2186.000000 3612000.000000
2187.000000 3612000.000000
2188.000000 3612000.000000
2189.000000 3612000.000000
2190.000000 3612000.000000
2191.000000 3612000.000000
2192.000000 3612000.000000
2193.000000 3612000.000000
2194.000000 3612000.000000
2195.000000 3612000.000000
2196.000000 3612000.000000
2197.000000 3612000.000000
2198.000000 3612000.000000
2199.000000 3612000.000000
2200.000000 3612000.000000
2201.000000 3612000.000000
2202.000000 3612000.000000
2203.000000 3612000.000000
2204.000000 3612000.000000
2205.000000 3612000.000000
2206.000000 3612000.000000
2207.000000 3612000.000000
2208.000000 3612000.000000
2209.000000 3612000.000000
2210.000000 3612000.000000
2211.000000 3612000.000000
2212.000000 3612000.000000
2213.000000 3612000.000000
2214.000000 3612000.000000
2215.000000 3612000.000000
2216.000000 3612000.000000
2217.000000 3612000.000000
2218.000000 3612000.000000
2219.000000 3612000.000000
2220.000000 3612000.000000
2221.000000 3612000.000000
2222.000000 3612000.000000
2223.000000 3612000.000000
2224.000000 3612000.000000
2225.000000 3612000.000000
2226.000000 3612000.000000
2227.000000 3612000.000000
2228.000000 3612000.000000
2229.000000 3612000.000000
2230.000000 3612000.000000
2231.000000 3612000.000000
2232.000000 3612000.000000
2233.000000 3612000.000000
2234.000000 3612000.000000
2235.000000 3612000.000000
2236.000000 3612000.000000
2237.000000 3612000.000000
2238.000000 3612000.000000
2239.000000 3612000.000000
2240.000000 3612000.000000
2241.000000 3612000.000000
2242.000000 3612000.000000
2243.000000 3612000.000000
2244.000000 3612000.000000
2245.000000 3612000.000000
2246.000000 3612000.000000
2247.000000 3612000.000000
2248.000000 3612000.000000
2249.000000 3612000.000000
2250.000000 3612000.000000
2251.000000 3612000.000000
2252.000000 3612000.000000
2253.000000 3612000.000000
2254.000000 3612000.000000
2255.000000 3612000.000000
2256.000000 3612000.000000
2257.000000 3612000.000000
2258.000000 3612000.000000
2259.000000 3612000.000000
2260.000000 3612000.000000
2261.000000 3612000.000000
2262.000000 3612000.000000
2263.000000 3612000.000000
2264.000000 3612000.000000
2265.000000 3612000.000000
2266.000000 3612000.000000
2267.000000 3612000.000000
2268.000000 3612000.000000
2269.000000 3612000.000000
2270.000000 3612000.000000
2271.000000 3612000.000000
2272.000000 3612000.000000
2273.000000 3612000.000000
2274.000000 3612000.000000
2275.000000 3612000.000000
2276.000000 3612000.000000
2277.000000 3612000.000000
2278.000000 3612000.000000
2279.000000 3612000.000000
2280.000000 3612000.000000
2281.000000 3612000.000000
2282.000000 3612000.000000
2283.000000 3612000.000000
2284.000000 3612000.000000
2285.000000 3612000.000000
2286.000000 3612000.000000
2287.000000 3612000.000000
2288.000000 3612000.000000
2289.000000 3612000.000000
2290.000000 3612000.000000
2291.000000 3612000.000000
2292.000000 3612000.000000
2293.000000 3612000.000000
2294.000000 3612000.000000
2295.000000 3612000.000000
2296.000000 3612000.000000
2297.000000 3612000.000000
2298.000000 3612000.000000
2299.000000 3612000.000000
2300.000000 3612000.000000
2301.000000 3612000.000000
2302.000000 3612000.000000
2303.000000 3612000.000000
2304.000000 3612000.000000
2305.000000 3612000.000000
2306.000000 3612000.000000
2307.000000 3612000.000000
2308.000000 3612000.000000
2309.000000 3612000.000000
2310.000000 3612000.000000
2311.000000 3612000.000000
2312.000000 3612000.000000
2313.000000 3612000.000000
2314.000000 3612000.000000
2315.000000 3612000.000000
2316.000000 3612000.000000
2317.000000 3612000.000000
2318.000000 3612000.000000
2319.000000 3612000.000000
2320.000000 3612000.000000
2321.000000 3612000.000000
2322.000000 3612000.000000
2323.000000 3612000.000000
2324.000000 3612000.000000
2325.000000 3612000.000000
2326.000000 3612000.000000
2327.000000 3612000.000000
2328.000000 3612000.000000
2329.000000 3612000.000000
2330.000000 3612000.000000
2331.000000 3612000.000000
2332.000000 3612000.000000
2333.000000 3612000.000000
2334.000000 3612000.000000
2335.000000 3612000.000000
2336.000000 3612000.000000
2337.000000 3612000.000000
2338.000000 3612000.000000
2339.000000 3612000.000000
2340.000000 3612000.000000
2341.000000 3612000.000000
2342.000000 3612000.000000
2343.000000 3612000.000000
2344.000000 3612000.000000
2345.000000 3612000.000000
2346.000000 3612000.000000
2347.000000 3612000.000000
2348.000000 3612000.000000
2349.000000 3612000.000000
2350.000000 3612000.000000
2351.000000 3612000.000000
2352.000000 3612000.000000
2353.000000 3612000.000000
2354.000000 3612000.000000
2355.000000 3612000.000000
2356.000000 3612000.000000
2357.000000 3612000.000000
2358.000000 3612000.000000
2359.000000 3612000.000000
2360.000000 3612000.000000
2361.000000 3612000.000000
2362.000000 3612000.000000
2363.000000 3612000.000000
2364.000000 3612000.000000
2365.000000 3612000.000000
2366.000000 3612000.000000
2367.000000 3612000.000000
2368.000000 3612000.000000
2369.000000 3612000.000000
2370.000000 3612000.000000
2371.000000 3612000.000000
2372.000000 3612000.000000
2373.000000 3612000.000000
2374.000000 3612000.000000
2375.000000 3612000.000000
2376.000000 3612000.000000
2377.000000 3612000.000000
2378.000000 3612000.000000
2379.000000 3612000.000000
2380.000000 3612000.000000
2381.000000 3612000.000000
2382.000000 3612000.000000
2383.000000 3612000.000000
2384.000000 3612000.000000
2385.000000 3612000.000000
2386.000000 3612000.000000
2387.000000 3612000.000000
2388.000000 3612000.000000
2389.000000 3612000.000000
2390.000000 3612000.000000
2391.000000 3612000.000000
2392.000000 3612000.000000
2393.000000 3612000.000000
2394.000000 3612000.000000
2395.000000 3612000.000000
2396.000000 3612000.000000
2397.000000 3612000.000000
2398.000000 3612000.000000
2399.000000 3612000.000000
2400.000000 3612000.000000
2401.000000 3612000.000000
2402.000000 3612000.000000
2403.000000 3612000.000000
2404.000000 3612000.000000
2405.000000 3612000.000000
2406.000000 3612000.000000
2407.000000 3612000.000000
2408.000000 3612000.000000
2409.000000 3612000.000000
2410.000000 3612000.000000
2411.000000 3612000.000000
2412.000000 3612000.000000
2413.000000 3612000.000000
2414.000000 3612000.000000
2415.000000 3612000.000000
2416.000000 3612000.000000
2417.000000 3612000.000000
2418.000000 3612000.000000
2419.000000 3612000.000000
2420.000000 3612000.000000
2421.000000 3612000.000000
2422.000000 3612000.000000
2423.000000 3612000.000000
2424.000000 3612000.000000
2425.000000 3612000.000000
2426.000000 3612000.000000
2427.000000 3612000.000000
2428.000000 3612000.000000
2429.000000 3612000.000000
2430.000000 3612000.000000
2431.000000 3612000.000000
2432.000000 3612000.000000
2433.000000 3612000.000000
2434.000000 3612000.000000
2435.000000 3612000.000000
2436.000000 3612000.000000
2437.000000 3612000.000000
2438.000000 3612000.000000
2439.000000 3612000.000000
2440.000000 3612000.000000
2441.000000 3612000.000000
2442.000000 3612000.000000
2443.000000 3612000.000000
2444.000000 3612000.000000
2445.000000 3612000.000000
2446.000000 3612000.000000
2447.000000 3612000.000000
2448.000000 3612000.000000
2449.000000 3612000.000000
2450.000000 3612000.000000
2451.000000 3612000.000000
2452.000000 3612000.000000
2453.000000 3612000.000000
2454.000000 3612000.000000
2455.000000 3612000.000000
2456.000000 3612000.000000
2457.000000 3612000.000000
2458.000000 3612000.000000
2459.000000 3612000.000000
2460.000000 3612000.000000
2461.000000 3612000.000000
2462.000000 3612000.000000
2463.000000 3612000.000000
2464.000000 3612000.000000
2465.000000 3612000.000000
2466.000000 3612000.000000
2467.000000 3612000.000000
2468.000000 3612000.000000
2469.000000 3612000.000000
2470.000000 3612000.000000
2471.000000 3612000.000000
2472.000000 3612000.000000
2473.000000 3612000.000000
2474.000000 3612000.000000
2475.000000 3612000.000000
2476.000000 3612000.000000
2477.000000 3612000.000000
2478.000000 3612000.000000
2479.000000 3612000.000000
2480.000000 3612000.000000
2481.000000 3612000.000000
2482.000000 3612000.000000
2483.000000 3612000.000000
2484.000000 3612000.000000
2485.000000 3612000.000000
2486.000000 3612000.000000
2487.000000 3612000.000000
2488.000000 3612000.000000
2489.000000 3612000.000000
2490.000000 3612000.000000
2491.000000 3612000.000000
2492.000000 3612000.000000
2493.000000 3612000.000000
2494.000000 3612000.000000
2495.000000 3612000.000000
2496.000000 3612000.000000
2497.000000 3612000.000000
2498.000000 3612000.000000
2499.000000 3612000.000000
2500.000000 3612000.000000
2501.000000 3612000.000000
2502.000000 3612000.000000
2503.000000 3612000.000000
2504.000000 3612000.000000
2505.000000 3612000.000000
2506.000000 3612000.000000
2507.000000 3612000.000000
2508.000000 3612000.000000
2509.000000 3612000.000000
2510.000000 3612000.000000
2511.000000 3612000.000000
2512.000000 3612000.000000
2513.000000 3612000.000000
2514.000000 3612000.000000
2515.000000 3612000.000000
2516.000000 3612000.000000
2517.000000 3612000.000000
2518.000000 3612000.000000
2519.000000 3612000.000000
2520.000000 3612000.000000
2521.000000 3612000.000000
2522.000000 3612000.000000
2523.000000 3612000.000000
2524.000000 3612000.000000
2525.000000 3612000.000000
2526.000000 3612000.000000
2527.000000 3612000.000000
2528.000000 3612000.000000
2529.000000 3612000.000000
2530.000000 3612000.000000
2531.000000 3612000.000000
2532.000000 3612000.000000
2533.000000 3612000.000000
2534.000000 3612000.000000
2535.000000 3612000.000000
2536.000000 3612000.000000
2537.000000 3612000.000000
2538.000000 3612000.000000
2539.000000 3612000.000000
2540.000000 3612000.000000
2541.000000 3612000.000000
2542.000000 3612000.000000
2543.000000 3612000.000000
2544.000000 3612000.000000
2545.000000 3612000.000000
2546.000000 3612000.000000
2547.000000 3612000.000000
2548.000000 3612000.000000
2549.000000 3612000.000000
2550.000000 3612000.000000
2551.000000 3612000.000000
2552.000000 3612000.000000
2553.000000 3612000.000000
2554.000000 3612000.000000
2555.000000 3612000.000000
2556.000000 3612000.000000
2557.000000 3612000.000000
2558.000000 3612000.000000
2559.000000 3612000.000000
2560.000000 3612000.000000
2561.000000 3612000.000000
2562.000000 3612000.000000
2563.000000 3612000.000000
2564.000000 3612000.000000
2565.000000 3612000.000000
2566.000000 3612000.000000
2567.000000 3612000.000000
2568.000000 3612000.000000
2569.000000 3612000.000000
2570.000000 3612000.000000
2571.000000 3612000.000000
2572.000000 3612000.000000
2573.000000 3612000.000000
2574.000000 3612000.000000
2575.000000 3612000.000000
2576.000000 3612000.000000
2577.000000 3612000.000000
2578.000000 3612000.000000
2579.000000 3612000.000000
2580.000000 3612000.000000
2581.000000 3612000.000000
2582.000000 3612000.000000
2583.000000 3612000.000000
2584.000000 3612000.000000
2585.000000 3612000.000000
2586.000000 3612000.000000
2587.000000 3612000.000000
2588.000000 3612000.000000
2589.000000 3612000.000000
2590.000000 3612000.000000
2591.000000 3612000.000000
2592.000000 3612000.000000
2593.000000 3612000.000000
2594.000000 3612000.000000
2595.000000 3612000.000000
2596.000000 3612000.000000
2597.000000 3612000.000000
2598.000000 3612000.000000
2599.000000 3612000.000000
2600.000000 3612000.000000
2601.000000 3612000.000000
2602.000000 3612000.000000
2603.000000 3612000.000000
2604.000000 3612000.000000
2605.000000 3612000.000000
2606.000000 3612000.000000
2607.000000 3612000.000000
2608.000000 3612000.000000
2609.000000 3612000.000000
2610.000000 3612000.000000
2611.000000 3612000.000000
2612.000000 3612000.000000
2613.000000 3612000.000000
2614.000000 3612000.000000
2615.000000 3612000.000000
2616.000000 3612000.000000
2617.000000 3612000.000000
2618.000000 3612000.000000
2619.000000 3612000.000000
2620.000000 3612000.000000
2621.000000 3612000.000000
2622.000000 3612000.000000
2623.000000 3612000.000000
2624.000000 3612000.000000
2625.000000 3612000.000000
2626.000000 3612000.000000
2627.000000 3612000.000000
2628.000000 3612000.000000
2629.000000 3612000.000000
2630.000000 3612000.000000
2631.000000 3612000.000000
2632.000000 3612000.000000
2633.000000 3612000.000000
2634.000000 3612000.000000
2635.000000 3612000.000000
2636.000000 3612000.000000
2637.000000 3612000.000000
2638.000000 3612000.000000
2639.000000 3612000.000000
2640.000000 3612000.000000
2641.000000 3612000.000000
2642.000000 3612000.000000
2643.000000 3612000.000000
2644.000000 3612000.000000
2645.000000 3612000.000000
2646.000000 3612000.000000
2647.000000 3612000.000000
2648.000000 3612000.000000
2649.000000 3612000.000000
2650.000000 3612000.000000
2651.000000 3612000.000000
2652.000000 3612000.000000
2653.000000 3612000.000000
2654.000000 3612000.000000
2655.000000 3612000.000000
2656.000000 3612000.000000
2657.000000 3612000.000000
2658.000000 3612000.000000
2659.000000 3612000.000000
2660.000000 3612000.000000
2661.000000 3612000.000000
2662.000000 3612000.000000
2663.000000 3612000.000000
2664.000000 3612000.000000
2665.000000 3612000.000000
2666.000000 3612000.000000
2667.000000 3612000.000000
2668.000000 3612000.000000
2669.000000 3612000.000000
2670.000000 3612000.000000
2671.000000 3612000.000000
2672.000000 3612000.000000
2673.000000 3612000.000000
2674.000000 3612000.000000
2675.000000 3612000.000000
2676.000000 3612000.000000
2677.000000 3612000.000000
2678.000000 3612000.000000
2679.000000 3612000.000000
2680.000000 3612000.000000
2681.000000 3612000.000000
2682.000000 3612000.000000
2683.000000 3612000.000000
2684.000000 3612000.000000
2685.000000 3612000.000000
2686.000000 3612000.000000
2687.000000 3612000.000000
2688.000000 3612000.000000
2689.000000 3612000.000000
2690.000000 3612000.000000
2691.000000 3612000.000000
2692.000000 3612000.000000
2693.000000 3612000.000000
2694.000000 3612000.000000
2695.000000 3612000.000000
2696.000000 3612000.000000
2697.000000 3612000.000000
2698.000000 3612000.000000
2699.000000 3612000.000000
2700.000000 3612000.000000
2701.000000 3612000.000000
2702.000000 3612000.000000
2703.000000 3612000.000000
2704.000000 3612000.000000
2705.000000 3612000.000000
2706.000000 3612000.000000
2707.000000 3612000.000000
2708.000000 3612000.000000
2709.000000 3612000.000000
2710.000000 3612000.000000
2711.000000 3612000.000000
2712.000000 3612000.000000
2713.000000 3612000.000000
2714.000000 3612000.000000
2715.000000 3612000.000000
2716.000000 3612000.000000
2717.000000 3612000.000000
2718.000000 3612000.000000
2719.000000 3612000.000000
2720.000000 3612000.000000
2721.000000 3612000.000000
2722.000000 3612000.000000
2723.000000 3612000.000000
2724.000000 3612000.000000
2725.000000 3612000.000000
2726.000000 3612000.000000
2727.000000 3612000.000000
2728.000000 3612000.000000
2729.000000 3612000.000000
2730.000000 3612000.000000
2731.000000 3612000.000000
2732.000000 3612000.000000
2733.000000 3612000.000000
2734.000000 3612000.000000
2735.000000 3612000.000000
2736.000000 3612000.000000
2737.000000 3612000.000000
2738.000000 3612000.000000
2739.000000 3612000.000000
2740.000000 3612000.000000
2741.000000 3612000.000000
2742.000000 3612000.000000
2743.000000 3612000.000000
2744.000000 3612000.000000
2745.000000 3612000.000000
2746.000000 3612000.000000
2747.000000 3612000.000000
2748.000000 3612000.000000
2749.000000 3612000.000000
2750.000000 3612000.000000
2751.000000 3612000.000000
2752.000000 3612000.000000
2753.000000 3612000.000000
2754.000000 3612000.000000
2755.000000 3612000.000000
2756.000000 3612000.000000
2757.000000 3612000.000000
2758.000000 3612000.000000
2759.000000 3612000.000000
2760.000000 3612000.000000
2761.000000 3612000.000000
2762.000000 3612000.000000
2763.000000 3612000.000000
2764.000000 3612000.000000
2765.000000 3612000.000000
2766.000000 3612000.000000
2767.000000 3612000.000000
2768.000000 3612000.000000
2769.000000 3612000.000000
2770.000000 3612000.000000
2771.000000 3612000.000000
2772.000000 3612000.000000
2773.000000 3612000.000000
2774.000000 3612000.000000
2775.000000 3612000.000000
2776.000000 3612000.000000
2777.000000 3612000.000000
2778.000000 3612000.000000
2779.000000 3612000.000000
2780.000000 3612000.000000
2781.000000 3612000.000000
2782.000000 3612000.000000
2783.000000 3612000.000000
2784.000000 3612000.000000
2785.000000 3612000.000000
2786.000000 3612000.000000
2787.000000 3612000.000000
2788.000000 3612000.000000
2789.000000 3612000.000000
2790.000000 3612000.000000
2791.000000 3612000.000000
2792.000000 3612000.000000
2793.000000 3612000.000000
2794.000000 3612000.000000
2795.000000 3612000.000000
2796.000000 3612000.000000
2797.000000 3612000.000000
2798.000000 3612000.000000
2799.000000 3612000.000000
2800.000000 3612000.000000
2801.000000 3612000.000000
2802.000000 3612000.000000
2803.000000 3612000.000000
2804.000000 3612000.000000
2805.000000 3612000.000000
2806.000000 3612000.000000
2807.000000 3612000.000000
2808.000000 3612000.000000
2809.000000 3612000.000000
2810.000000 3612000.000000
2811.000000 3612000.000000
2812.000000 3612000.000000
2813.000000 3612000.000000
2814.000000 3612000.000000
2815.000000 3612000.000000
2816.000000 3612000.000000
2817.000000 3612000.000000
2818.000000 3612000.000000
2819.000000 3612000.000000
2820.000000 3612000.000000
2821.000000 3612000.000000
2822.000000 3612000.000000
2823.000000 3612000.000000
2824.000000 3612000.000000
2825.000000 3612000.000000
2826.000000 3612000.000000
2827.000000 3612000.000000
2828.000000 3612000.000000
2829.000000 3612000.000000
2830.000000 3612000.000000
2831.000000 3612000.000000
2832.000000 3612000.000000
2833.000000 3612000.000000
2834.000000 3612000.000000
2835.000000 3612000.000000
2836.000000 3612000.000000
2837.000000 3612000.000000
2838.000000 3612000.000000
2839.000000 3612000.000000
2840.000000 3612000.000000
2841.000000 3612000.000000
2842.000000 3612000.000000
2843.000000 3612000.000000
2844.000000 3612000.000000
2845.000000 3612000.000000
2846.000000 3612000.000000
2847.000000 3612000.000000
2848.000000 3612000.000000
2849.000000 3612000.000000
2850.000000 3612000.000000
2851.000000 3612000.000000
2852.000000 3612000.000000
2853.000000 3612000.000000
2854.000000 3612000.000000
2855.000000 3612000.000000
2856.000000 3612000.000000
2857.000000 3612000.000000
2858.000000 3612000.000000
2859.000000 3612000.000000
2860.000000 3612000.000000
2861.000000 3612000.000000
2862.000000 3612000.000000
2863.000000 3612000.000000
2864.000000 3612000.000000
2865.000000 3612000.000000
2866.000000 3612000.000000
2867.000000 3612000.000000
2868.000000 3612000.000000
2869.000000 3612000.000000
2870.000000 3612000.000000
2871.000000 3612000.000000
2872.000000 3612000.000000
2873.000000 3612000.000000
2874.000000 3612000.000000
2875.000000 3612000.000000
2876.000000 3612000.000000
2877.000000 3612000.000000
2878.000000 3612000.000000
2879.000000 3612000.000000
2880.000000 3612000.000000
2881.000000 3612000.000000
2882.000000 3612000.000000
2883.000000 3612000.000000
2884.000000 3612000.000000
2885.000000 3612000.000000
2886.000000 3612000.000000
2887.000000 3612000.000000
2888.000000 3612000.000000
2889.000000 3612000.000000
2890.000000 3612000.000000
2891.000000 3612000.000000
2892.000000 3612000.000000
2893.000000 3612000.000000
2894.000000 3612000.000000
2895.000000 3612000.000000
2896.000000 3612000.000000
2897.000000 3612000.000000
2898.000000 3612000.000000
2899.000000 3612000.000000
2900.000000 3612000.000000
2901.000000 3612000.000000
2902.000000 3612000.000000
2903.000000 3612000.000000
2904.000000 3612000.000000
2905.000000 3612000.000000
2906.000000 3612000.000000
2907.000000 3612000.000000
2908.000000 3612000.000000
2909.000000 3612000.000000
2910.000000 3612000.000000
2911.000000 3612000.000000
2912.000000 3612000.000000
2913.000000 3612000.000000
2914.000000 3612000.000000
2915.000000 3612000.000000
2916.000000 3612000.000000
2917.000000 3612000.000000
2918.000000 3612000.000000
2919.000000 3612000.000000
2920.000000 3612000.000000
2921.000000 3612000.000000
2922.000000 3612000.000000
2923.000000 3612000.000000
2924.000000 3612000.000000
2925.000000 3612000.000000
2926.000000 3612000.000000
2927.000000 3612000.000000
2928.000000 3612000.000000
2929.000000 3612000.000000
2930.000000 3612000.000000
2931.000000 3612000.000000
2932.000000 3612000.000000
2933.000000 3612000.000000
2934.000000 3612000.000000
2935.000000 3612000.000000
2936.000000 3612000.000000
2937.000000 3612000.000000
2938.000000 3612000.000000
2939.000000 3612000.000000
2940.000000 3612000.000000
2941.000000 3612000.000000
2942.000000 3612000.000000
2943.000000 3612000.000000
2944.000000 3612000.000000
2945.000000 3612000.000000
2946.000000 3612000.000000
2947.000000 3612000.000000
2948.000000 3612000.000000
2949.000000 3612000.000000
2950.000000 3612000.000000
2951.000000 3612000.000000
2952.000000 3612000.000000
2953.000000 3612000.000000
2954.000000 3612000.000000
2955.000000 3612000.000000
2956.000000 3612000.000000
2957.000000 3612000.000000
2958.000000 3612000.000000
2959.000000 3612000.000000
2960.000000 3612000.000000
2961.000000 3612000.000000
2962.000000 3612000.000000
2963.000000 3612000.000000
2964.000000 3612000.000000
2965.000000 3612000.000000
2966.000000 3612000.000000
2967.000000 3612000.000000
2968.000000 3612000.000000
2969.000000 3612000.000000
2970.000000 3612000.000000
2971.000000 3612000.000000
2972.000000 3612000.000000
2973.000000 3612000.000000
2974.000000 3612000.000000
2975.000000 3612000.000000
2976.000000 3612000.000000
2977.000000 3612000.000000
2978.000000 3612000.000000
2979.000000 3612000.000000
2980.000000 3612000.000000
2981.000000 3612000.000000
2982.000000 3612000.000000
2983.000000 3612000.000000
2984.000000 3612000.000000
2985.000000 3612000.000000
2986.000000 3612000.000000
2987.000000 3612000.000000
2988.000000 3612000.000000
2989.000000 3612000.000000
2990.000000 3612000.000000
2991.000000 3612000.000000
2992.000000 3612000.000000
2993.000000 3612000.000000
2994.000000 3612000.000000
2995.000000 3612000.000000
2996.000000 3612000.000000
2997.000000 3612000.000000
2998.000000 3612000.000000
2999.000000 3612000.000000
3000.000000 3612000.000000
