250.000000 5.250000
251.000000 5.265000
252.000000 5.280000
253.000000 5.295000
254.000000 5.310000
255.000000 5.325000
256.000000 5.340000
257.000000 5.355000
258.000000 5.370000
259.000000 5.385000
260.000000 5.400000
261.000000 5.415000
262.000000 5.430000
374.000000 7.110000
375.000000 7.125000
376.000000 7.140000
454.000000 8.310000
636.000000 11.040000
789.000000 13.335000
1028.000000 16.920000
1182.000000 19.230000
1183.000000 19.245000
1184.000000 19.260000
1185.000000 19.275000
1319.000000 21.285000
1320.000000 21.300000
1321.000000 21.315000
1404.000000 22.560000
1483.000000 23.745000
1484.000000 23.760000
1520.000000 24.300000
1635.000000 26.025000
1936.000000 30.540000
1937.000000 30.555000
1938.000000 30.570000
1939.000000 30.585000
1940.000000 30.600000
1941.000000 30.615000
1942.000000 30.630000
1943.000000 30.645000
1944.000000 30.660000
1945.000000 30.660000
1949.000000 30.660000
1950.000000 30.660000
1951.000000 30.660000
1952.000000 30.660000
1972.000000 30.660000
1973.000000 30.660000
2144.000000 30.660000
2145.000000 30.660000
2356.000000 30.660000
2357.000000 30.660000
2600.000000 30.660000
2810.000000 30.660000
2811.000000 30.660000
3000.000000 30.660000
