6.000000e-09  291.000  2.500000e+01  1.000000e+02
1.200000e-08  291.000  2.500000e+01  1.000000e+02
1.800000e-08  291.000  2.500000e+01  1.000000e+02
2.400000e-08  291.000  2.500000e+01  1.000000e+02
3.000000e-08  291.000  2.500000e+01  1.000000e+02
3.600000e-08  291.000  2.500000e+01  1.000000e+02
4.200000e-08  291.000  2.500000e+01  1.000000e+02
4.800000e-08  291.000  2.500000e+01  1.000000e+02
5.400000e-08  291.000  2.500000e+01  1.000000e+02
6.000000e-08  291.000  2.500000e+01  1.000000e+02
6.600000e-08  291.000  2.500000e+01  1.000000e+02
7.200000e-08  291.000  2.500000e+01  1.000000e+02
7.800000e-08  291.000  2.500000e+01  1.000000e+02
8.400000e-08  291.000  2.500000e+01  1.000000e+02
9.000000e-08  291.000  2.500000e+01  1.000000e+02
9.600000e-08  291.000  2.500000e+01  1.000000e+02
1.020000e-07  291.000  2.500000e+01  1.000000e+02
1.080000e-07  291.000  2.500000e+01  1.000000e+02
1.140000e-07  291.000  2.500000e+01  1.000000e+02
1.200000e-07  291.000  2.500000e+01  1.000000e+02
1.260000e-07  291.000  2.500000e+01  1.000000e+02
1.320000e-07  291.000  2.500000e+01  1.000000e+02
1.380000e-07  291.000  2.500000e+01  1.000000e+02
1.440000e-07  291.000  2.500000e+01  1.000000e+02
1.500000e-07  291.000  2.500000e+01  1.000000e+02
1.560000e-07  291.000  2.500000e+01  1.000000e+02
1.620000e-07  291.000  2.500000e+01  1.000000e+02
1.680000e-07  291.000  2.500000e+01  1.000000e+02
1.740000e-07  291.000  2.500000e+01  1.000000e+02
1.800000e-07  291.000  2.500000e+01  1.000000e+02
1.860000e-07  291.000  2.500000e+01  1.000000e+02
1.920000e-07  291.000  2.500000e+01  1.000000e+02
1.980000e-07  291.000  2.500000e+01  1.000000e+02
2.040000e-07  291.000  2.500000e+01  1.000000e+02
2.100000e-07  291.000  2.500000e+01  1.000000e+02
2.160000e-07  291.000  2.500000e+01  1.000000e+02
2.220000e-07  291.000  2.500000e+01  1.000000e+02
2.280000e-07  291.000  2.500000e+01  1.000000e+02
2.340000e-07  291.000  2.500000e+01  1.000000e+02
2.400000e-07  291.000  2.500000e+01  1.000000e+02
2.484000e-07  291.000  2.500000e+01  1.000000e+02
2.601600e-07  291.000  2.500000e+01  1.000000e+02
2.766240e-07  291.000  2.500000e+01  1.000000e+02
2.996736e-07  291.000  2.500000e+01  1.000000e+02
3.319430e-07  291.000  2.500000e+01  1.000000e+02
3.771203e-07  291.000  2.500000e+01  1.000000e+02
4.403684e-07  291.000  2.500000e+01  1.000000e+02
5.289157e-07  291.000  2.500000e+01  1.000000e+02
6.528820e-07  291.000  2.500000e+01  1.000000e+02
8.264348e-07  291.000  2.500000e+01  1.000000e+02
1.069409e-06  291.000  2.500000e+01  1.000000e+02
1.409572e-06  291.000  2.500000e+01  1.000000e+02
1.885801e-06  291.000  2.500000e+01  1.000000e+02
2.552521e-06  291.000  2.500000e+01  1.000000e+02
3.485930e-06  291.000  2.500000e+01  1.000000e+02
4.792702e-06  291.000  2.500000e+01  1.000000e+02
6.622183e-06  291.000  2.500000e+01  1.000000e+02
9.183456e-06  291.000  2.500000e+01  1.000000e+02
1.276924e-05  291.000  2.500000e+01  1.000000e+02
1.778933e-05  291.000  2.500000e+01  1.000000e+02
2.481747e-05  291.000  2.500000e+01  1.000000e+02
3.465685e-05  291.000  2.500000e+01  1.000000e+02
4.843200e-05  291.000  2.500000e+01  1.000000e+02
6.771719e-05  291.000  2.500000e+01  1.000000e+02
8.271719e-05  291.000  2.500000e+01  1.000000e+02
9.771719e-05  291.000  2.500000e+01  1.000000e+02
1.127172e-04  291.000  2.500000e+01  1.000000e+02
1.277172e-04  291.000  2.500000e+01  1.000000e+02
1.427172e-04  291.000  2.500000e+01  1.000000e+02
1.577172e-04  291.000  2.500000e+01  1.000000e+02
1.727172e-04  291.000  2.500000e+01  1.000000e+02
1.877172e-04  291.000  2.500000e+01  1.000000e+02
2.027172e-04  291.000  2.500000e+01  1.000000e+02
2.177172e-04  291.000  2.500000e+01  1.000000e+02
2.327172e-04  291.000  2.500000e+01  1.000000e+02
2.477172e-04  291.000  2.500000e+01  1.000000e+02
2.627172e-04  291.000  2.500000e+01  1.000000e+02
2.777172e-04  291.000  2.500000e+01  1.000000e+02
2.927172e-04  291.000  2.500000e+01  1.000000e+02
3.077172e-04  291.000  2.500000e+01  1.000000e+02
3.227172e-04  291.000  2.500000e+01  1.000000e+02
3.377172e-04  291.000  2.500000e+01  1.000000e+02
3.527172e-04  291.000  2.500000e+01  1.000000e+02
3.677172e-04  291.000  2.500000e+01  1.000000e+02
3.827172e-04  291.000  2.500000e+01  1.000000e+02
3.977172e-04  291.000  2.500000e+01  1.000000e+02
4.127172e-04  291.000  2.500000e+01  1.000000e+02
4.277172e-04  291.000  2.500000e+01  1.000000e+02
4.427172e-04  291.000  2.500000e+01  1.000000e+02
4.577172e-04  291.000  2.500000e+01  1.000000e+02
4.727172e-04  291.000  2.500000e+01  1.000000e+02
4.877172e-04  291.000  2.500000e+01  1.000000e+02
5.027172e-04  291.000  2.500000e+01  1.000000e+02
5.027232e-04  291.000  2.500000e+01  1.000000e+02
5.027292e-04  291.000  2.500000e+01  1.000000e+02
5.027352e-04  291.000  2.500000e+01  1.000000e+02
5.027412e-04  291.000  2.500000e+01  1.000000e+02
5.027472e-04  291.000  2.500000e+01  1.000000e+02
5.027532e-04  291.000  2.500000e+01  1.000000e+02
5.027592e-04  291.000  2.500000e+01  1.000000e+02
5.027652e-04  291.000  2.500000e+01  1.000000e+02
5.027712e-04  291.000  2.500000e+01  1.000000e+02
5.027772e-04  291.000  2.500000e+01  1.000000e+02
5.027832e-04  291.000  2.500000e+01  1.000000e+02
5.027892e-04  291.000  2.500000e+01  1.000000e+02
5.027952e-04  291.000  2.500000e+01  1.000000e+02
5.028012e-04  291.000  2.500000e+01  1.000000e+02
5.028072e-04  291.000  2.500000e+01  1.000000e+02
5.028132e-04  291.000  2.500000e+01  1.000000e+02
5.028192e-04  291.000  2.500000e+01  1.000000e+02
5.028252e-04  291.000  2.500000e+01  1.000000e+02
5.028312e-04  291.000  2.500000e+01  1.000000e+02
5.028372e-04  291.000  2.500000e+01  1.000000e+02
5.028432e-04  291.000  2.500000e+01  1.000000e+02
5.028492e-04  291.000  2.500000e+01  1.000000e+02
5.028552e-04  291.000  2.500000e+01  1.000000e+02
5.028612e-04  291.000  2.500000e+01  1.000000e+02
5.028672e-04  291.000  2.500000e+01  1.000000e+02
5.028732e-04  291.000  2.500000e+01  1.000000e+02
5.028792e-04  291.000  2.500000e+01  1.000000e+02
5.028852e-04  291.000  2.500000e+01  1.000000e+02
5.028912e-04  291.000  2.500000e+01  1.000000e+02
5.028972e-04  291.000  2.500000e+01  1.000000e+02
5.029032e-04  291.000  2.500000e+01  1.000000e+02
5.029092e-04  291.000  2.500000e+01  1.000000e+02
5.029152e-04  291.000  2.500000e+01  1.000000e+02
5.029212e-04  291.000  2.500000e+01  1.000000e+02
5.029272e-04  291.000  2.500000e+01  1.000000e+02
5.029332e-04  291.000  2.500000e+01  1.000000e+02
5.029392e-04  291.000  2.500000e+01  1.000000e+02
5.029452e-04  291.000  2.500000e+01  1.000000e+02
5.029512e-04  291.000  2.500000e+01  1.000000e+02
5.029572e-04  291.000  2.500000e+01  1.000000e+02
5.029656e-04  291.000  2.500000e+01  1.000000e+02
5.029774e-04  291.000  2.500000e+01  1.000000e+02
5.029938e-04  291.000  2.500000e+01  1.000000e+02
5.030169e-04  291.000  2.500000e+01  1.000000e+02
5.030491e-04  291.000  2.500000e+01  1.000000e+02
5.030943e-04  291.000  2.500000e+01  1.000000e+02
5.031576e-04  291.000  2.500000e+01  1.000000e+02
5.032461e-04  291.000  2.500000e+01  1.000000e+02
5.033701e-04  291.000  2.500000e+01  1.000000e+02
5.035436e-04  291.000  2.500000e+01  1.000000e+02
5.037866e-04  291.000  2.500000e+01  1.000000e+02
5.041268e-04  291.000  2.500000e+01  1.000000e+02
5.046030e-04  291.000  2.500000e+01  1.000000e+02
5.052697e-04  291.000  2.500000e+01  1.000000e+02
5.062031e-04  291.000  2.500000e+01  1.000000e+02
5.075099e-04  291.000  2.500000e+01  1.000000e+02
5.093394e-04  291.000  2.500000e+01  1.000000e+02
5.119006e-04  291.000  2.500000e+01  1.000000e+02
5.154864e-04  291.000  2.500000e+01  1.000000e+02
5.205065e-04  291.000  2.500000e+01  1.000000e+02
5.275347e-04  291.000  2.500000e+01  1.000000e+02
5.373740e-04  291.000  2.500000e+01  1.000000e+02
5.511492e-04  291.000  2.500000e+01  1.000000e+02
5.704344e-04  291.000  2.500000e+01  1.000000e+02
5.854344e-04  291.000  2.500000e+01  1.000000e+02
6.004344e-04  291.000  2.500000e+01  1.000000e+02
6.154344e-04  291.000  2.500000e+01  1.000000e+02
6.304344e-04  291.000  2.500000e+01  1.000000e+02
6.454344e-04  291.000  2.500000e+01  1.000000e+02
6.604344e-04  291.000  2.500000e+01  1.000000e+02
6.754344e-04  291.000  2.500000e+01  1.000000e+02
6.904344e-04  291.000  2.500000e+01  1.000000e+02
7.054344e-04  291.000  2.500000e+01  1.000000e+02
7.204344e-04  291.000  2.500000e+01  1.000000e+02
7.354344e-04  291.000  2.500000e+01  1.000000e+02
7.504344e-04  291.000  2.500000e+01  1.000000e+02
7.654344e-04  291.000  2.500000e+01  1.000000e+02
7.804344e-04  291.000  2.500000e+01  1.000000e+02
7.954344e-04  291.000  2.500000e+01  1.000000e+02
8.104344e-04  291.000  2.500000e+01  1.000000e+02
8.254344e-04  291.000  2.500000e+01  1.000000e+02
8.404344e-04  291.000  2.500000e+01  1.000000e+02
8.554344e-04  291.000  2.500000e+01  1.000000e+02
8.704344e-04  291.000  2.500000e+01  1.000000e+02
8.854344e-04  291.000  2.500000e+01  1.000000e+02
9.004344e-04  291.000  2.500000e+01  1.000000e+02
9.154344e-04  291.000  2.500000e+01  1.000000e+02
9.304344e-04  291.000  2.500000e+01  1.000000e+02
9.454344e-04  291.000  2.500000e+01  1.000000e+02
9.604344e-04  291.000  2.500000e+01  1.000000e+02
9.754344e-04  291.000  2.500000e+01  1.000000e+02
9.904344e-04  291.000  2.500000e+01  1.000000e+02
1.005434e-03  291.000  2.500000e+01  1.000000e+02
1.005440e-03  291.000  2.500000e+01  1.000000e+02
1.005446e-03  291.000  2.500000e+01  1.000000e+02
1.005452e-03  291.000  2.500000e+01  1.000000e+02
1.005458e-03  291.000  2.500000e+01  1.000000e+02
1.005464e-03  291.000  2.500000e+01  1.000000e+02
1.005470e-03  291.000  2.500000e+01  1.000000e+02
1.005476e-03  291.000  2.500000e+01  1.000000e+02
1.005482e-03  291.000  2.500000e+01  1.000000e+02
1.005488e-03  291.000  2.500000e+01  1.000000e+02
1.005494e-03  291.000  2.500000e+01  1.000000e+02
1.005500e-03  291.000  2.500000e+01  1.000000e+02
1.005506e-03  291.000  2.500000e+01  1.000000e+02
1.005512e-03  291.000  2.500000e+01  1.000000e+02
1.005518e-03  291.000  2.500000e+01  1.000000e+02
1.005524e-03  291.000  2.500000e+01  1.000000e+02
1.005530e-03  291.000  2.500000e+01  1.000000e+02
1.005536e-03  291.000  2.500000e+01  1.000000e+02
1.005542e-03  291.000  2.500000e+01  1.000000e+02
1.005548e-03  291.000  2.500000e+01  1.000000e+02
1.005554e-03  291.000  2.500000e+01  1.000000e+02
1.005560e-03  291.000  2.500000e+01  1.000000e+02
1.005566e-03  291.000  2.500000e+01  1.000000e+02
1.005572e-03  291.000  2.500000e+01  1.000000e+02
1.005578e-03  291.000  2.500000e+01  1.000000e+02
1.005584e-03  291.000  2.500000e+01  1.000000e+02
1.005590e-03  291.000  2.500000e+01  1.000000e+02
1.005596e-03  291.000  2.500000e+01  1.000000e+02
1.005602e-03  291.000  2.500000e+01  1.000000e+02
1.005608e-03  291.000  2.500000e+01  1.000000e+02
1.005614e-03  291.000  2.500000e+01  1.000000e+02
1.005620e-03  291.000  2.500000e+01  1.000000e+02
1.005626e-03  291.000  2.500000e+01  1.000000e+02
1.005632e-03  291.000  2.500000e+01  1.000000e+02
1.005638e-03  291.000  2.500000e+01  1.000000e+02
1.005644e-03  291.000  2.500000e+01  1.000000e+02
1.005650e-03  291.000  2.500000e+01  1.000000e+02
1.005656e-03  291.000  2.500000e+01  1.000000e+02
1.005662e-03  291.000  2.500000e+01  1.000000e+02
1.005668e-03  291.000  2.500000e+01  1.000000e+02
1.005674e-03  291.000  2.500000e+01  1.000000e+02
1.005683e-03  291.000  2.500000e+01  1.000000e+02
1.005695e-03  291.000  2.500000e+01  1.000000e+02
1.005711e-03  291.000  2.500000e+01  1.000000e+02
1.005734e-03  291.000  2.500000e+01  1.000000e+02
1.005766e-03  291.000  2.500000e+01  1.000000e+02
1.005812e-03  291.000  2.500000e+01  1.000000e+02
1.005875e-03  291.000  2.500000e+01  1.000000e+02
1.005963e-03  291.000  2.500000e+01  1.000000e+02
1.006087e-03  291.000  2.500000e+01  1.000000e+02
1.006261e-03  291.000  2.500000e+01  1.000000e+02
1.006504e-03  291.000  2.500000e+01  1.000000e+02
1.006844e-03  291.000  2.500000e+01  1.000000e+02
1.007320e-03  291.000  2.500000e+01  1.000000e+02
1.007987e-03  291.000  2.500000e+01  1.000000e+02
1.008920e-03  291.000  2.500000e+01  1.000000e+02
1.010227e-03  291.000  2.500000e+01  1.000000e+02
1.012057e-03  291.000  2.500000e+01  1.000000e+02
1.014618e-03  291.000  2.500000e+01  1.000000e+02
1.018204e-03  291.000  2.500000e+01  1.000000e+02
1.023224e-03  291.000  2.500000e+01  1.000000e+02
1.030252e-03  291.000  2.500000e+01  1.000000e+02
1.040091e-03  291.000  2.500000e+01  1.000000e+02
1.053866e-03  291.000  2.500000e+01  1.000000e+02
1.073152e-03  291.000  2.500000e+01  1.000000e+02
1.088152e-03  291.000  2.500000e+01  1.000000e+02
1.103152e-03  291.000  2.500000e+01  1.000000e+02
1.118152e-03  291.000  2.500000e+01  1.000000e+02
1.133152e-03  291.000  2.500000e+01  1.000000e+02
1.148152e-03  291.000  2.500000e+01  1.000000e+02
1.163152e-03  291.000  2.500000e+01  1.000000e+02
1.178152e-03  291.000  2.500000e+01  1.000000e+02
1.193152e-03  291.000  2.500000e+01  1.000000e+02
1.208152e-03  291.000  2.500000e+01  1.000000e+02
1.223152e-03  291.000  2.500000e+01  1.000000e+02
1.238152e-03  291.000  2.500000e+01  1.000000e+02
1.253152e-03  291.000  2.500000e+01  1.000000e+02
1.268152e-03  291.000  2.500000e+01  1.000000e+02
1.283152e-03  291.000  2.500000e+01  1.000000e+02
1.298152e-03  291.000  2.500000e+01  1.000000e+02
1.313152e-03  291.000  2.500000e+01  1.000000e+02
1.328152e-03  291.000  2.500000e+01  1.000000e+02
1.343152e-03  291.000  2.500000e+01  1.000000e+02
1.358152e-03  291.000  2.500000e+01  1.000000e+02
1.373152e-03  291.000  2.500000e+01  1.000000e+02
1.388152e-03  291.000  2.500000e+01  1.000000e+02
1.403152e-03  291.000  2.500000e+01  1.000000e+02
1.418152e-03  291.000  2.500000e+01  1.000000e+02
1.433152e-03  291.000  2.500000e+01  1.000000e+02
1.448152e-03  291.000  2.500000e+01  1.000000e+02
1.463152e-03  291.000  2.500000e+01  1.000000e+02
1.478152e-03  291.000  2.500000e+01  1.000000e+02
1.493152e-03  291.000  2.500000e+01  1.000000e+02
1.508152e-03  291.000  2.500000e+01  1.000000e+02
1.508158e-03  291.000  2.500000e+01  1.000000e+02
1.508164e-03  291.000  2.500000e+01  1.000000e+02
1.508170e-03  291.000  2.500000e+01  1.000000e+02
1.508176e-03  291.000  2.500000e+01  1.000000e+02
1.508182e-03  291.000  2.500000e+01  1.000000e+02
1.508188e-03  291.000  2.500000e+01  1.000000e+02
1.508194e-03  291.000  2.500000e+01  1.000000e+02
1.508200e-03  291.000  2.500000e+01  1.000000e+02
1.508206e-03  291.000  2.500000e+01  1.000000e+02
1.508212e-03  291.000  2.500000e+01  1.000000e+02
1.508218e-03  291.000  2.500000e+01  1.000000e+02
1.508224e-03  291.000  2.500000e+01  1.000000e+02
1.508230e-03  291.000  2.500000e+01  1.000000e+02
1.508236e-03  291.000  2.500000e+01  1.000000e+02
1.508242e-03  291.000  2.500000e+01  1.000000e+02
1.508248e-03  291.000  2.500000e+01  1.000000e+02
1.508254e-03  291.000  2.500000e+01  1.000000e+02
1.508260e-03  291.000  2.500000e+01  1.000000e+02
1.508266e-03  291.000  2.500000e+01  1.000000e+02
1.508272e-03  291.000  2.500000e+01  1.000000e+02
1.508278e-03  291.000  2.500000e+01  1.000000e+02
1.508284e-03  291.000  2.500000e+01  1.000000e+02
1.508290e-03  291.000  2.500000e+01  1.000000e+02
1.508296e-03  291.000  2.500000e+01  1.000000e+02
1.508302e-03  291.000  2.500000e+01  1.000000e+02
1.508308e-03  291.000  2.500000e+01  1.000000e+02
1.508314e-03  291.000  2.500000e+01  1.000000e+02
1.508320e-03  291.000  2.500000e+01  1.000000e+02
1.508326e-03  291.000  2.500000e+01  1.000000e+02
1.508332e-03  291.000  2.500000e+01  1.000000e+02
1.508338e-03  291.000  2.500000e+01  1.000000e+02
1.508344e-03  291.000  2.500000e+01  1.000000e+02
1.508350e-03  291.000  2.500000e+01  1.000000e+02
1.508356e-03  291.000  2.500000e+01  1.000000e+02
1.508362e-03  291.000  2.500000e+01  1.000000e+02
1.508368e-03  291.000  2.500000e+01  1.000000e+02
1.508374e-03  291.000  2.500000e+01  1.000000e+02
1.508380e-03  291.000  2.500000e+01  1.000000e+02
1.508386e-03  291.000  2.500000e+01  1.000000e+02
1.508392e-03  291.000  2.500000e+01  1.000000e+02
1.508400e-03  291.000  2.500000e+01  1.000000e+02
1.508412e-03  291.000  2.500000e+01  1.000000e+02
1.508428e-03  291.000  2.500000e+01  1.000000e+02
1.508451e-03  291.227  2.500000e+01  1.000000e+02
1.508484e-03  300.360  2.500000e+01  1.000000e+02
1.508529e-03  2157.279  2.500000e+01  1.000000e+02
1.508592e-03  -42674.340  2.500000e+01  1.000000e+02
1.508680e-03  -11913.103  2.500000e+01  1.000000e+02
1.508804e-03  750721.891  2.500000e+01  1.000000e+02
1.508978e-03  -2410864.689  2.500000e+01  1.000000e+02
1.509221e-03  -4841130.730  2.500000e+01  1.000000e+02
1.509561e-03  -108949842.745  2.500000e+01  1.000000e+02
1.510037e-03  -147255440.854  2.500000e+01  1.000000e+02
1.510704e-03  -475297417.336  2.500000e+01  1.000000e+02
1.511638e-03  -534547153.944  2.500000e+01  1.000000e+02
1.512944e-03  -608827729.164  2.500000e+01  1.000000e+02
1.514774e-03  -703215464.895  2.500000e+01  1.000000e+02
1.517335e-03  -829231206.614  2.500000e+01  1.000000e+02
1.520921e-03  -1017138303.754  2.500000e+01  1.000000e+02
1.525941e-03  -1305690905.535  2.500000e+01  1.000000e+02
1.532969e-03  -1753718455.384  2.500000e+01  1.000000e+02
1.542808e-03  -2419616476.944  2.500000e+01  1.000000e+02
1.556584e-03  -3381676483.143  2.500000e+01  1.000000e+02
1.575869e-03  -4598268799.939  2.500000e+01  1.000000e+02
1.590869e-03  -5465157746.030  2.500000e+01  1.000000e+02
1.605869e-03  -6272534024.025  2.500000e+01  1.000000e+02
1.620869e-03  -7060179454.663  2.500000e+01  1.000000e+02
1.635869e-03  -7828848989.964  2.500000e+01  1.000000e+02
1.650869e-03  -8565406507.536  2.500000e+01  1.000000e+02
1.665869e-03  -9270452685.269  2.500000e+01  1.000000e+02
1.680869e-03  -9956572418.522  2.500000e+01  1.000000e+02
1.695869e-03  -10637778802.380  2.500000e+01  1.000000e+02
1.710869e-03  -11311664717.274  2.500000e+01  1.000000e+02
1.725869e-03  -11973895243.319  2.500000e+01  1.000000e+02
1.740869e-03  -12619841452.657  2.500000e+01  1.000000e+02
1.755869e-03  -13247351289.615  2.500000e+01  1.000000e+02
1.770869e-03  -13856059708.422  2.500000e+01  1.000000e+02
1.785869e-03  -14446441547.444  2.500000e+01  1.000000e+02
1.800869e-03  -15019329251.078  2.500000e+01  1.000000e+02
1.815869e-03  -15575668781.835  2.500000e+01  1.000000e+02
1.830869e-03  -16116397665.761  2.500000e+01  1.000000e+02
1.845869e-03  -16642385993.983  2.500000e+01  1.000000e+02
1.860869e-03  -17154409865.313  2.500000e+01  1.000000e+02
1.875869e-03  -17653141289.126  2.500000e+01  1.000000e+02
1.890869e-03  -18139146037.486  2.500000e+01  1.000000e+02
1.905869e-03  -18612884821.208  2.500000e+01  1.000000e+02
1.920869e-03  -19074715190.591  2.500000e+01  1.000000e+02
1.935869e-03  -19524892589.556  2.500000e+01  1.000000e+02
1.950869e-03  -19963569449.926  2.500000e+01  1.000000e+02
1.965869e-03  -20390791296.674  2.500000e+01  1.000000e+02
1.980869e-03  -20806488594.225  2.500000e+01  1.000000e+02
1.995869e-03  -21210462409.495  2.500000e+01  1.000000e+02
2.010869e-03  -21602360587.933  2.500000e+01  1.000000e+02
2.010875e-03  -21602360588.545  2.500000e+01  1.000000e+02
2.010881e-03  -21602360589.767  2.500000e+01  1.000000e+02
2.010887e-03  -21602360591.602  2.500000e+01  1.000000e+02
2.010893e-03  -21602360594.047  2.500000e+01  1.000000e+02
2.010899e-03  -21602360597.104  2.500000e+01  1.000000e+02
2.010905e-03  -21602360600.772  2.500000e+01  1.000000e+02
2.010911e-03  -21602360605.052  2.500000e+01  1.000000e+02
2.010917e-03  -21602360609.942  2.910000e+02  1.000000e+02
2.010923e-03  -21602360615.444  2.910000e+02  1.000000e+02
2.010929e-03  -21602360621.557  2.910000e+02  1.000000e+02
2.010935e-03  -21602360628.281  2.910000e+02  1.000000e+02
2.010941e-03  -21602360635.616  2.910000e+02  1.000000e+02
2.010947e-03  -21602360643.562  2.910000e+02  1.000000e+02
2.010953e-03  -21602360652.120  2.910000e+02  1.000000e+02
2.010959e-03  -21602360661.288  2.910000e+02  1.000000e+02
2.010965e-03  -21602360671.067  2.910000e+02  1.000000e+02
2.010971e-03  -21602360681.457  2.910000e+02  1.000000e+02
2.010977e-03  -21602360692.458  2.910000e+02  1.000000e+02
2.010983e-03  -21602360704.070  2.910000e+02  1.000000e+02
2.010989e-03  -21602360716.293  2.910000e+02  1.000000e+02
2.010995e-03  -21602360729.126  2.910000e+02  1.000000e+02
2.011001e-03  -21602360742.571  2.910000e+02  1.000000e+02
2.011007e-03  -21602360756.626  2.910000e+02  1.000000e+02
2.011013e-03  -21602360771.291  2.910000e+02  1.000000e+02
2.011019e-03  -21602360786.568  2.910000e+02  1.000000e+02
2.011025e-03  -21602360802.455  2.910000e+02  1.000000e+02
2.011031e-03  -21602360818.953  2.910000e+02  1.000000e+02
2.011037e-03  -21602360836.061  2.910000e+02  1.000000e+02
2.011043e-03  -21602360853.780  2.910000e+02  1.000000e+02
2.011049e-03  -21602360872.109  2.910000e+02  1.000000e+02
2.011055e-03  -21602360891.049  2.910000e+02  1.000000e+02
2.011061e-03  -21602360910.599  2.910000e+02  1.000000e+02
2.011067e-03  -21602360930.760  2.910000e+02  1.000000e+02
2.011073e-03  -21602360951.531  2.910000e+02  1.000000e+02
2.011079e-03  -21602360972.913  2.910000e+02  1.000000e+02
2.011085e-03  -21602360994.904  2.910000e+02  1.000000e+02
2.011091e-03  -21602361017.506  2.910000e+02  1.000000e+02
2.011097e-03  -21602361040.719  2.910000e+02  1.000000e+02
2.011103e-03  -21602361064.541  2.910000e+02  1.000000e+02
2.011109e-03  -21602361088.974  2.910000e+02  1.000000e+02
2.011117e-03  -21605161188.142  2.910000e+02  1.000000e+02
2.011129e-03  -21605468710.000  2.910000e+02  1.000000e+02
2.011145e-03  -21605899221.794  2.910000e+02  1.000000e+02
2.011168e-03  -21606501901.444  2.910000e+02  1.000000e+02
2.011201e-03  -21607345580.709  2.910000e+02  1.000000e+02
2.011246e-03  -21608526590.093  2.910000e+02  1.000000e+02
2.011309e-03  -21610179725.757  2.910000e+02  1.000000e+02
2.011398e-03  -21612493571.937  2.910000e+02  1.000000e+02
2.011522e-03  -21615731891.108  2.910000e+02  1.000000e+02
2.011695e-03  -21620263450.338  2.910000e+02  1.000000e+02
2.011938e-03  -21626603543.539  2.910000e+02  1.000000e+02
2.012278e-03  -21635471663.581  2.910000e+02  1.000000e+02
2.012755e-03  -21647871345.788  2.910000e+02  1.000000e+02
2.013421e-03  -21665200195.758  2.910000e+02  1.000000e+02
2.014355e-03  -21689400507.537  2.910000e+02  1.000000e+02
2.015661e-03  -21723163462.006  2.910000e+02  1.000000e+02
2.017491e-03  -21770202024.695  2.910000e+02  1.000000e+02
2.020052e-03  -21835607740.574  2.910000e+02  1.000000e+02
2.023638e-03  -21926300982.706  2.910000e+02  1.000000e+02
2.028658e-03  -22051564479.928  2.910000e+02  1.000000e+02
2.035686e-03  -22223595905.399  2.910000e+02  1.000000e+02
2.045526e-03  -22457871291.119  2.910000e+02  1.000000e+02
2.059301e-03  -22772687024.788  2.910000e+02  1.000000e+02
2.078586e-03  -23185631682.761  2.910000e+02  1.000000e+02
2.093586e-03  -23481868740.428  2.910000e+02  1.000000e+02
2.108586e-03  -23748027023.817  2.910000e+02  1.000000e+02
2.123586e-03  -23988302012.802  2.910000e+02  1.000000e+02
2.138586e-03  -24206198028.925  2.910000e+02  1.000000e+02
2.153586e-03  -24404674025.665  2.910000e+02  1.000000e+02
2.168586e-03  -24586253400.997  2.910000e+02  1.000000e+02
2.183586e-03  -24753107411.166  2.910000e+02  1.000000e+02
2.198586e-03  -24907119237.458  2.910000e+02  1.000000e+02
2.213586e-03  -25049933765.497  2.910000e+02  1.000000e+02
2.228586e-03  -25182996701.685  2.910000e+02  1.000000e+02
2.243586e-03  -25307585641.560  2.910000e+02  1.000000e+02
2.258586e-03  -25424834995.695  2.910000e+02  1.000000e+02
2.273586e-03  -25535756177.565  2.910000e+02  1.000000e+02
2.288586e-03  -25641254100.301  2.910000e+02  1.000000e+02
2.303586e-03  -25742140771.331  2.910000e+02  1.000000e+02
2.318586e-03  -25839146585.880  2.910000e+02  1.000000e+02
2.333586e-03  -25932929781.577  2.910000e+02  1.000000e+02
2.348586e-03  -26024084413.051  2.910000e+02  1.000000e+02
2.363586e-03  -26113147127.511  2.910000e+02  1.000000e+02
2.378586e-03  -26200602963.103  2.910000e+02  1.000000e+02
2.393586e-03  -26286890346.309  2.910000e+02  1.000000e+02
2.408586e-03  -26372405429.440  2.910000e+02  1.000000e+02
2.423586e-03  -26457505881.728  2.910000e+02  1.000000e+02
2.438586e-03  -26542514225.823  2.910000e+02  1.000000e+02
2.453586e-03  -26627720794.275  2.910000e+02  1.000000e+02
2.468586e-03  -26713386366.819  2.910000e+02  1.000000e+02
2.483586e-03  -26799744538.223  2.910000e+02  1.000000e+02
2.498586e-03  -26887003857.474  2.910000e+02  1.000000e+02
2.513586e-03  -26975349771.810  2.910000e+02  1.000000e+02
2.513592e-03  -26975349771.741  2.910000e+02  1.000000e+02
2.513598e-03  -26975349771.604  2.910000e+02  1.000000e+02
2.513604e-03  -26975349771.399  2.910000e+02  1.000000e+02
2.513610e-03  -26975349771.125  2.910000e+02  1.000000e+02
2.513616e-03  -26975349770.783  2.910000e+02  1.000000e+02
2.513622e-03  -26975349770.373  2.910000e+02  1.000000e+02
2.513628e-03  -26975349769.894  2.910000e+02  1.000000e+02
2.513634e-03  -26975349769.346  2.910000e+02  1.000000e+02
2.513640e-03  -26975349768.731  2.910000e+02  1.000000e+02
2.513646e-03  -26975349768.046  2.910000e+02  1.000000e+02
2.513652e-03  -26975349767.294  2.910000e+02  1.000000e+02
2.513658e-03  -26975349766.473  2.910000e+02  1.000000e+02
2.513664e-03  -26975349765.583  2.910000e+02  1.000000e+02
2.513670e-03  -26975349764.626  2.910000e+02  1.000000e+02
2.513676e-03  -26975349763.599  2.910000e+02  1.000000e+02
2.513682e-03  -26975349762.505  2.910000e+02  1.000000e+02
2.513688e-03  -26975349761.342  2.910000e+02  1.000000e+02
2.513694e-03  -26975349760.110  2.910000e+02  1.000000e+02
2.513700e-03  -26975349758.810  2.910000e+02  1.000000e+02
2.513706e-03  -26975349757.442  2.910000e+02  1.000000e+02
2.513712e-03  -26975349756.005  2.910000e+02  1.000000e+02
2.513718e-03  -26975349754.500  2.910000e+02  1.000000e+02
2.513724e-03  -26975349752.927  2.910000e+02  1.000000e+02
2.513730e-03  -26975349751.285  2.910000e+02  1.000000e+02
2.513736e-03  -26975349749.575  2.910000e+02  1.000000e+02
2.513742e-03  -26975349747.796  2.910000e+02  1.000000e+02
2.513748e-03  -26975349745.949  2.910000e+02  1.000000e+02
2.513754e-03  -26975349744.034  2.910000e+02  1.000000e+02
2.513760e-03  -26975349742.050  2.910000e+02  1.000000e+02
2.513766e-03  -26975349739.998  2.910000e+02  1.000000e+02
2.513772e-03  -26975349737.877  2.910000e+02  1.000000e+02
2.513778e-03  -26975349735.688  2.910000e+02  1.000000e+02
2.513784e-03  -26975349733.431  2.910000e+02  1.000000e+02
2.513790e-03  -26975349731.105  2.910000e+02  1.000000e+02
2.513796e-03  -26975349728.711  2.910000e+02  1.000000e+02
2.513802e-03  -26975349726.249  2.910000e+02  1.000000e+02
2.513808e-03  -26975349723.718  2.910000e+02  1.000000e+02
2.513814e-03  -26975349721.119  2.910000e+02  1.000000e+02
2.513820e-03  -26975349718.451  2.910000e+02  1.000000e+02
2.513826e-03  -26975349715.715  2.910000e+02  1.000000e+02
2.513834e-03  -26975038853.031  2.910000e+02  1.000000e+02
2.513846e-03  -26975108796.325  2.910000e+02  1.000000e+02
2.513863e-03  -26975206717.766  2.910000e+02  1.000000e+02
2.513886e-03  -26975343809.408  2.910000e+02  1.000000e+02
2.513918e-03  -26975535740.895  2.910000e+02  1.000000e+02
2.513963e-03  -26975804451.231  2.910000e+02  1.000000e+02
2.514026e-03  -26976180657.977  2.910000e+02  1.000000e+02
2.514115e-03  -26976707371.526  2.910000e+02  1.000000e+02
2.514239e-03  -26977444817.862  2.910000e+02  1.000000e+02
2.514412e-03  -26978477335.913  2.910000e+02  1.000000e+02
2.514655e-03  -26979923044.750  2.910000e+02  1.000000e+02
2.514996e-03  -26981947399.456  2.910000e+02  1.000000e+02
2.515472e-03  -26984782213.185  2.910000e+02  1.000000e+02
2.516138e-03  -26988752377.026  2.910000e+02  1.000000e+02
2.517072e-03  -26994313450.534  2.910000e+02  1.000000e+02
2.518379e-03  -27002104669.025  2.910000e+02  1.000000e+02
2.520208e-03  -27013023959.768  2.910000e+02  1.000000e+02
2.522769e-03  -27028334703.982  2.910000e+02  1.000000e+02
2.526355e-03  -27049819030.696  2.910000e+02  1.000000e+02
2.531375e-03  -27080001002.432  2.910000e+02  1.000000e+02
2.538403e-03  -27122478557.454  2.910000e+02  1.000000e+02
2.548243e-03  -27182432803.623  2.910000e+02  1.000000e+02
2.562018e-03  -27267442626.606  2.910000e+02  1.000000e+02
2.581303e-03  -27388852383.751  2.910000e+02  1.000000e+02
2.596303e-03  -27485423805.371  2.910000e+02  1.000000e+02
2.611303e-03  -27583857421.375  2.910000e+02  1.000000e+02
2.626303e-03  -27684210818.642  2.910000e+02  1.000000e+02
2.641303e-03  -27786530315.276  2.910000e+02  1.000000e+02
2.656303e-03  -27890851880.865  2.910000e+02  1.000000e+02
2.671303e-03  -27997202002.844  2.910000e+02  1.000000e+02
2.686303e-03  -28105598502.137  2.910000e+02  1.000000e+02
2.701303e-03  -28216051300.767  2.910000e+02  1.000000e+02
2.716303e-03  -28328563143.789  2.910000e+02  1.000000e+02
2.731303e-03  -28443130277.595  2.910000e+02  1.000000e+02
2.746303e-03  -28559743086.468  2.910000e+02  1.000000e+02
2.761303e-03  -28678386689.068  2.910000e+02  1.000000e+02
2.776303e-03  -28799041496.482  2.910000e+02  1.000000e+02
2.791303e-03  -28921683733.347  2.910000e+02  1.000000e+02
2.806303e-03  -29046285923.538  2.910000e+02  1.000000e+02
2.821303e-03  -29172817341.883  2.910000e+02  1.000000e+02
2.836303e-03  -29301244433.321  2.910000e+02  1.000000e+02
2.851303e-03  -29431531200.956  2.910000e+02  1.000000e+02
2.866303e-03  -29563639564.407  2.910000e+02  1.000000e+02
2.881303e-03  -29697529689.879  2.910000e+02  1.000000e+02
2.896303e-03  -29833160293.364  2.910000e+02  1.000000e+02
2.911303e-03  -29970488918.359  2.910000e+02  1.000000e+02
2.926303e-03  -30109472189.509  2.910000e+02  1.000000e+02
2.941303e-03  -30250066043.506  2.910000e+02  1.000000e+02
2.956303e-03  -30392225938.626  2.910000e+02  1.000000e+02
2.971303e-03  -30535907044.190  2.910000e+02  1.000000e+02
2.986303e-03  -30681064411.240  2.910000e+02  1.000000e+02
3.001303e-03  -30827653125.685  2.910000e+02  1.000000e+02
3.016303e-03  -30975628445.110  2.910000e+02  1.000000e+02
