250.000000 23.780000
251.000000 23.773608
252.000000 23.767232
253.000000 23.760872
254.000000 23.754528
255.000000 23.748200
256.000000 23.741888
257.000000 23.735592
258.000000 23.729312
259.000000 23.723048
260.000000 23.716800
261.000000 23.710568
262.000000 23.704352
263.000000 23.698152
264.000000 23.691968
265.000000 23.685800
266.000000 23.679648
267.000000 23.673512
268.000000 23.667392
269.000000 23.661288
270.000000 23.655200
271.000000 23.649128
272.000000 23.643072
273.000000 23.637032
274.000000 23.631008
275.000000 23.625000
276.000000 23.619008
277.000000 23.613032
278.000000 23.607072
279.000000 23.601128
280.000000 23.595200
281.000000 23.589288
282.000000 23.583392
283.000000 23.577512
284.000000 23.571648
285.000000 23.565800
286.000000 23.559968
287.000000 23.554152
288.000000 23.548352
289.000000 23.542568
290.000000 23.536800
291.000000 23.531048
292.000000 23.525312
293.000000 23.519592
294.000000 23.513888
295.000000 23.508200
296.000000 23.502528
297.000000 23.496872
298.000000 23.491232
299.000000 23.485608
300.000000 23.480000
301.000000 23.474408
302.000000 23.468832
303.000000 23.463272
304.000000 23.457728
305.000000 23.452200
306.000000 23.446688
307.000000 23.441192
308.000000 23.435712
309.000000 23.430248
310.000000 23.424800
311.000000 23.419368
312.000000 23.413952
313.000000 23.408552
314.000000 23.403168
315.000000 23.397800
316.000000 23.392448
317.000000 23.387112
318.000000 23.381792
319.000000 23.376488
320.000000 23.371200
321.000000 23.365928
322.000000 23.360672
323.000000 23.355432
324.000000 23.350208
325.000000 23.345000
326.000000 23.339808
327.000000 23.334632
328.000000 23.329472
329.000000 23.324328
330.000000 23.319200
331.000000 23.314088
332.000000 23.308992
333.000000 23.303912
334.000000 23.298848
335.000000 23.293800
336.000000 23.288768
337.000000 23.283752
338.000000 23.278752
339.000000 23.273768
340.000000 23.268800
341.000000 23.263848
342.000000 23.258912
343.000000 23.253992
344.000000 23.249088
345.000000 23.244200
346.000000 23.239328
347.000000 23.234472
348.000000 23.229632
349.000000 23.224808
350.000000 23.220000
351.000000 23.215208
352.000000 23.210432
353.000000 23.205672
354.000000 23.200928
355.000000 23.196200
356.000000 23.191488
357.000000 23.186792
358.000000 23.182112
359.000000 23.177448
360.000000 23.172800
361.000000 23.168168
362.000000 23.163552
363.000000 23.158952
364.000000 23.154368
365.000000 23.149800
366.000000 23.145248
367.000000 23.140712
368.000000 23.136192
369.000000 23.131688
370.000000 23.127200
371.000000 23.122728
372.000000 23.118272
373.000000 23.113832
374.000000 23.109408
375.000000 23.105000
376.000000 23.100608
377.000000 23.096232
378.000000 23.091872
379.000000 23.087528
380.000000 23.083200
381.000000 23.078888
382.000000 23.074592
383.000000 23.070312
384.000000 23.066048
385.000000 23.061800
386.000000 23.057568
387.000000 23.053352
388.000000 23.049152
389.000000 23.044968
390.000000 23.040800
391.000000 23.036648
392.000000 23.032512
393.000000 23.028392
394.000000 23.024288
395.000000 23.020200
396.000000 23.016128
397.000000 23.012072
398.000000 23.008032
399.000000 23.004008
400.000000 23.000000
401.000000 22.996008
402.000000 22.992032
403.000000 22.988072
404.000000 22.984128
405.000000 22.980200
406.000000 22.976288
407.000000 22.972392
408.000000 22.968512
409.000000 22.964648
410.000000 22.960800
411.000000 22.956968
412.000000 22.953152
413.000000 22.949352
414.000000 22.945568
415.000000 22.941800
416.000000 22.938048
417.000000 22.934312
418.000000 22.930592
419.000000 22.926888
420.000000 22.923200
421.000000 22.919528
422.000000 22.915872
423.000000 22.912232
424.000000 22.908608
425.000000 22.905000
426.000000 22.901408
427.000000 22.897832
428.000000 22.894272
429.000000 22.890728
430.000000 22.887200
431.000000 22.883688
432.000000 22.880192
433.000000 22.876712
434.000000 22.873248
435.000000 22.869800
436.000000 22.866368
437.000000 22.862952
438.000000 22.859552
439.000000 22.856168
440.000000 22.852800
441.000000 22.849448
442.000000 22.846112
443.000000 22.842792
444.000000 22.839488
445.000000 22.836200
446.000000 22.832928
447.000000 22.829672
448.000000 22.826432
449.000000 22.823208
450.000000 22.820000
451.000000 22.816808
452.000000 22.813632
453.000000 22.810472
454.000000 22.807328
455.000000 22.804200
456.000000 22.801088
457.000000 22.797992
458.000000 22.794912
459.000000 22.791848
460.000000 22.788800
461.000000 22.785768
462.000000 22.782752
463.000000 22.779752
464.000000 22.776768
465.000000 22.773800
466.000000 22.770848
467.000000 22.767912
468.000000 22.764992
469.000000 22.762088
470.000000 22.759200
471.000000 22.756328
472.000000 22.753472
473.000000 22.750632
474.000000 22.747808
475.000000 22.745000
476.000000 22.742208
477.000000 22.739432
478.000000 22.736672
479.000000 22.733928
480.000000 22.731200
481.000000 22.728488
482.000000 22.725792
483.000000 22.723112
484.000000 22.720448
485.000000 22.717800
486.000000 22.715168
487.000000 22.712552
488.000000 22.709952
489.000000 22.707368
490.000000 22.704800
491.000000 22.702248
492.000000 22.699712
493.000000 22.697192
494.000000 22.694688
495.000000 22.692200
496.000000 22.689728
497.000000 22.687272
498.000000 22.684832
499.000000 22.682408
500.000000 22.680000
501.000000 22.677608
502.000000 22.675232
503.000000 22.672872
504.000000 22.670528
505.000000 22.668200
506.000000 22.665888
507.000000 22.663592
508.000000 22.661312
509.000000 22.659048
510.000000 22.656800
511.000000 22.654568
512.000000 22.652352
513.000000 22.650152
514.000000 22.647968
515.000000 22.645800
516.000000 22.643648
517.000000 22.641512
518.000000 22.639392
519.000000 22.637288
520.000000 22.635200
521.000000 22.633128
522.000000 22.631072
523.000000 22.629032
524.000000 22.627008
525.000000 22.625000
526.000000 22.623008
527.000000 22.621032
528.000000 22.619072
529.000000 22.617128
530.000000 22.615200
531.000000 22.613288
532.000000 22.611392
533.000000 22.609512
534.000000 22.607648
535.000000 22.605800
536.000000 22.603968
537.000000 22.602152
538.000000 22.600352
539.000000 22.598568
540.000000 22.596800
541.000000 22.595048
542.000000 22.593312
543.000000 22.591592
544.000000 22.589888
545.000000 22.588200
546.000000 22.586528
547.000000 22.584872
548.000000 22.583232
549.000000 22.581608
550.000000 22.580000
551.000000 22.578408
552.000000 22.576832
553.000000 22.575272
554.000000 22.573728
555.000000 22.572200
556.000000 22.570688
557.000000 22.569192
558.000000 22.567712
559.000000 22.566248
560.000000 22.564800
561.000000 22.563368
562.000000 22.561952
563.000000 22.560552
564.000000 22.559168
565.000000 22.557800
566.000000 22.556448
567.000000 22.555112
568.000000 22.553792
569.000000 22.552488
570.000000 22.551200
571.000000 22.549928
572.000000 22.548672
573.000000 22.547432
574.000000 22.546208
575.000000 22.545000
576.000000 22.543808
577.000000 22.542632
578.000000 22.541472
579.000000 22.540328
580.000000 22.539200
581.000000 22.538088
582.000000 22.536992
583.000000 22.535912
584.000000 22.534848
585.000000 22.533800
586.000000 22.532768
587.000000 22.531752
588.000000 22.530752
589.000000 22.529768
590.000000 22.528800
591.000000 22.527848
592.000000 22.526912
593.000000 22.525992
594.000000 22.525088
595.000000 22.524200
596.000000 22.523328
597.000000 22.522472
598.000000 22.521632
599.000000 22.520808
600.000000 22.520000
601.000000 22.519208
602.000000 22.518432
603.000000 22.517672
604.000000 22.516928
605.000000 22.516200
606.000000 22.515488
607.000000 22.514792
608.000000 22.514112
609.000000 22.513448
610.000000 22.512800
611.000000 22.512168
612.000000 22.511552
613.000000 22.510952
614.000000 22.510368
615.000000 22.509800
616.000000 22.509248
617.000000 22.508712
618.000000 22.508192
619.000000 22.507688
620.000000 22.507200
621.000000 22.506728
622.000000 22.506272
623.000000 22.505832
624.000000 22.505408
625.000000 22.505000
626.000000 22.504608
627.000000 22.504232
628.000000 22.503872
629.000000 22.503528
630.000000 22.503200
631.000000 22.502888
632.000000 22.502592
633.000000 22.502312
634.000000 22.502048
635.000000 22.501800
636.000000 22.501568
637.000000 22.501352
638.000000 22.501152
639.000000 22.500968
640.000000 22.500800
641.000000 22.500648
642.000000 22.500512
643.000000 22.500392
644.000000 22.500288
645.000000 22.500200
646.000000 22.500128
647.000000 22.500072
648.000000 22.500032
649.000000 22.500008
650.000000 22.500000
651.000000 22.500008
652.000000 22.500032
653.000000 22.500072
654.000000 22.500128
655.000000 22.500200
656.000000 22.500288
657.000000 22.500392
658.000000 22.500512
659.000000 22.500648
660.000000 22.500800
661.000000 22.500968
662.000000 22.501152
663.000000 22.501352
664.000000 22.501568
665.000000 22.501800
666.000000 22.502048
667.000000 22.502312
668.000000 22.502592
669.000000 22.502888
670.000000 22.503200
671.000000 22.503528
672.000000 22.503872
673.000000 22.504232
674.000000 22.504608
675.000000 22.505000
676.000000 22.505408
677.000000 22.505832
678.000000 22.506272
679.000000 22.506728
680.000000 22.507200
681.000000 22.507688
682.000000 22.508192
683.000000 22.508712
684.000000 22.509248
685.000000 22.509800
686.000000 22.510368
687.000000 22.510952
688.000000 22.511552
689.000000 22.512168
690.000000 22.512800
691.000000 22.513448
692.000000 22.514112
693.000000 22.514792
694.000000 22.515488
695.000000 22.516200
696.000000 22.516928
697.000000 22.517672
698.000000 22.518432
699.000000 22.519208
700.000000 22.520000
701.000000 22.520808
702.000000 22.521632
703.000000 22.522472
704.000000 22.523328
705.000000 22.524200
706.000000 22.525088
707.000000 22.525992
708.000000 22.526912
709.000000 22.527848
710.000000 22.528800
711.000000 22.529768
712.000000 22.530752
713.000000 22.531752
714.000000 22.532768
715.000000 22.533800
716.000000 22.534848
717.000000 22.535912
718.000000 22.536992
719.000000 22.538088
720.000000 22.539200
721.000000 22.540328
722.000000 22.541472
723.000000 22.542632
724.000000 22.543808
725.000000 22.545000
726.000000 22.546208
727.000000 22.547432
728.000000 22.548672
729.000000 22.549928
730.000000 22.551200
731.000000 22.552488
732.000000 22.553792
733.000000 22.555112
734.000000 22.556448
735.000000 22.557800
736.000000 22.559168
737.000000 22.560552
738.000000 22.561952
739.000000 22.563368
740.000000 22.564800
741.000000 22.566248
742.000000 22.567712
743.000000 22.569192
744.000000 22.570688
745.000000 22.572200
746.000000 22.573728
747.000000 22.575272
748.000000 22.576832
749.000000 22.578408
750.000000 22.580000
751.000000 22.581608
752.000000 22.583232
753.000000 22.584872
754.000000 22.586528
755.000000 22.588200
756.000000 22.589888
757.000000 22.591592
758.000000 22.593312
759.000000 22.595048
760.000000 22.596800
761.000000 22.598568
762.000000 22.600352
763.000000 22.602152
764.000000 22.603968
765.000000 22.605800
766.000000 22.607648
767.000000 22.609512
768.000000 22.611392
769.000000 22.613288
770.000000 22.615200
771.000000 22.617128
772.000000 22.619072
773.000000 22.621032
774.000000 22.623008
775.000000 22.625000
776.000000 22.627008
777.000000 22.629032
778.000000 22.631072
779.000000 22.633128
780.000000 22.635200
781.000000 22.637288
782.000000 22.639392
783.000000 22.641512
784.000000 22.643648
785.000000 22.645800
786.000000 22.647968
787.000000 22.650152
788.000000 22.652352
789.000000 22.654568
790.000000 22.656800
791.000000 22.659048
792.000000 22.661312
793.000000 22.663592
794.000000 22.665888
795.000000 22.668200
796.000000 22.670528
797.000000 22.672872
798.000000 22.675232
799.000000 22.677608
800.000000 22.680000
801.000000 22.682408
802.000000 22.684832
803.000000 22.687272
804.000000 22.689728
805.000000 22.692200
806.000000 22.694688
807.000000 22.697192
808.000000 22.699712
809.000000 22.702248
810.000000 22.704800
811.000000 22.707368
812.000000 22.709952
813.000000 22.712552
814.000000 22.715168
815.000000 22.717800
816.000000 22.720448
817.000000 22.723112
818.000000 22.725792
819.000000 22.728488
820.000000 22.731200
821.000000 22.733928
822.000000 22.736672
823.000000 22.739432
824.000000 22.742208
825.000000 22.745000
826.000000 22.747808
827.000000 22.750632
828.000000 22.753472
829.000000 22.756328
830.000000 22.759200
831.000000 22.762088
832.000000 22.764992
833.000000 22.767912
834.000000 22.770848
835.000000 22.773800
836.000000 22.776768
837.000000 22.779752
838.000000 22.782752
839.000000 22.785768
840.000000 22.788800
841.000000 22.791848
842.000000 22.794912
843.000000 22.797992
844.000000 22.801088
845.000000 22.804200
846.000000 22.807328
847.000000 22.810472
848.000000 22.813632
849.000000 22.816808
850.000000 22.820000
851.000000 22.823208
852.000000 22.826432
853.000000 22.829672
854.000000 22.832928
855.000000 22.836200
856.000000 22.839488
857.000000 22.842792
858.000000 22.846112
859.000000 22.849448
860.000000 22.852800
861.000000 22.856168
862.000000 22.859552
863.000000 22.862952
864.000000 22.866368
865.000000 22.869800
866.000000 22.873248
867.000000 22.876712
868.000000 22.880192
869.000000 22.883688
870.000000 22.887200
871.000000 22.890728
872.000000 22.894272
873.000000 22.897832
874.000000 22.901408
875.000000 22.905000
876.000000 22.908608
877.000000 22.912232
878.000000 22.915872
879.000000 22.919528
880.000000 22.923200
881.000000 22.926888
882.000000 22.930592
883.000000 22.934312
884.000000 22.938048
885.000000 22.941800
886.000000 22.945568
887.000000 22.949352
888.000000 22.953152
889.000000 22.956968
890.000000 22.960800
891.000000 22.964648
892.000000 22.968512
893.000000 22.972392
894.000000 22.976288
895.000000 22.980200
896.000000 22.984128
897.000000 22.988072
898.000000 22.992032
899.000000 22.996008
900.000000 23.000000
901.000000 23.004008
902.000000 23.008032
903.000000 23.012072
904.000000 23.016128
905.000000 23.020200
906.000000 23.024288
907.000000 23.028392
908.000000 23.032512
909.000000 23.036648
910.000000 23.040800
911.000000 23.044968
912.000000 23.049152
913.000000 23.053352
914.000000 23.057568
915.000000 23.061800
916.000000 23.066048
917.000000 23.070312
918.000000 23.074592
919.000000 23.078888
920.000000 23.083200
921.000000 23.087528
922.000000 23.091872
923.000000 23.096232
924.000000 23.100608
925.000000 23.105000
926.000000 23.109408
927.000000 23.113832
928.000000 23.118272
929.000000 23.122728
930.000000 23.127200
931.000000 23.131688
932.000000 23.136192
933.000000 23.140712
934.000000 23.145248
935.000000 23.149800
936.000000 23.154368
937.000000 23.158952
938.000000 23.163552
939.000000 23.168168
940.000000 23.172800
941.000000 23.177448
942.000000 23.182112
943.000000 23.186792
944.000000 23.191488
945.000000 23.196200
946.000000 23.200928
947.000000 23.205672
948.000000 23.210432
949.000000 23.215208
950.000000 23.220000
951.000000 23.224808
952.000000 23.229632
953.000000 23.234472
954.000000 23.239328
955.000000 23.244200
956.000000 23.249088
957.000000 23.253992
958.000000 23.258912
959.000000 23.263848
960.000000 23.268800
961.000000 23.273768
962.000000 23.278752
963.000000 23.283752
964.000000 23.288768
965.000000 23.293800
966.000000 23.298848
967.000000 23.303912
968.000000 23.308992
969.000000 23.314088
970.000000 23.319200
971.000000 23.324328
972.000000 23.329472
973.000000 23.334632
974.000000 23.339808
975.000000 23.345000
976.000000 23.350208
977.000000 23.355432
978.000000 23.360672
979.000000 23.365928
980.000000 23.371200
981.000000 23.376488
982.000000 23.381792
983.000000 23.387112
984.000000 23.392448
985.000000 23.397800
986.000000 23.403168
987.000000 23.408552
988.000000 23.413952
989.000000 23.419368
990.000000 23.424800
991.000000 23.430248
992.000000 23.435712
993.000000 23.441192
994.000000 23.446688
995.000000 23.452200
996.000000 23.457728
997.000000 23.463272
998.000000 23.468832
999.000000 23.474408
1000.000000 23.480000
1001.000000 23.485608
1002.000000 23.491232
1003.000000 23.496872
1004.000000 23.502528
1005.000000 23.508200
1006.000000 23.513888
1007.000000 23.519592
1008.000000 23.525312
1009.000000 23.531048
1010.000000 23.536800
1011.000000 23.542568
1012.000000 23.548352
1013.000000 23.554152
1014.000000 23.559968
1015.000000 23.565800
1016.000000 23.571648
1017.000000 23.577512
1018.000000 23.583392
1019.000000 23.589288
1020.000000 23.595200
1021.000000 23.601128
1022.000000 23.607072
1023.000000 23.613032
1024.000000 23.619008
1025.000000 23.625000
1026.000000 23.631008
1027.000000 23.637032
1028.000000 23.643072
1029.000000 23.649128
1030.000000 23.655200
1031.000000 23.661288
1032.000000 23.667392
1033.000000 23.673512
1034.000000 23.679648
1035.000000 23.685800
1036.000000 23.691968
1037.000000 23.698152
1038.000000 23.704352
1039.000000 23.710568
1040.000000 23.716800
1041.000000 23.723048
1042.000000 23.729312
1043.000000 23.735592
1044.000000 23.741888
1045.000000 23.748200
1046.000000 23.754528
1047.000000 23.760872
1048.000000 23.767232
1049.000000 23.773608
1050.000000 23.780000
1051.000000 23.786408
1052.000000 23.792832
1053.000000 23.799272
1054.000000 23.805728
1055.000000 23.812200
1056.000000 23.818688
1057.000000 23.825192
1058.000000 23.831712
1059.000000 23.838248
1060.000000 23.844800
1061.000000 23.851368
1062.000000 23.857952
1063.000000 23.864552
1064.000000 23.871168
1065.000000 23.877800
1066.000000 23.884448
1067.000000 23.891112
1068.000000 23.897792
1069.000000 23.904488
1070.000000 23.911200
1071.000000 23.917928
1072.000000 23.924672
1073.000000 23.931432
1074.000000 23.938208
1075.000000 23.945000
1076.000000 23.951808
1077.000000 23.958632
1078.000000 23.965472
1079.000000 23.972328
1080.000000 23.979200
1081.000000 23.986088
1082.000000 23.992992
1083.000000 23.999912
1084.000000 24.006848
1085.000000 24.013800
1086.000000 24.020768
1087.000000 24.027752
1088.000000 24.034752
1089.000000 24.041768
1090.000000 24.048800
1091.000000 24.055848
1092.000000 24.062912
1093.000000 24.069992
1094.000000 24.077088
1095.000000 24.084200
1096.000000 24.091328
1097.000000 24.098472
1098.000000 24.105632
1099.000000 24.112808
1100.000000 24.120000
1101.000000 24.127208
1102.000000 24.134432
1103.000000 24.141672
1104.000000 24.148928
1105.000000 24.156200
1106.000000 24.163488
1107.000000 24.170792
1108.000000 24.178112
1109.000000 24.185448
1110.000000 24.192800
1111.000000 24.200168
1112.000000 24.207552
1113.000000 24.214952
1114.000000 24.222368
1115.000000 24.229800
1116.000000 24.237248
1117.000000 24.244712
1118.000000 24.252192
1119.000000 24.259688
1120.000000 24.267200
1121.000000 24.274728
1122.000000 24.282272
1123.000000 24.289832
1124.000000 24.297408
1125.000000 24.305000
1126.000000 24.312608
1127.000000 24.320232
1128.000000 24.327872
1129.000000 24.335528
1130.000000 24.343200
1131.000000 24.350888
1132.000000 24.358592
1133.000000 24.366312
1134.000000 24.374048
1135.000000 24.381800
1136.000000 24.389568
1137.000000 24.397352
1138.000000 24.405152
1139.000000 24.412968
1140.000000 24.420800
1141.000000 24.428648
1142.000000 24.436512
1143.000000 24.444392
1144.000000 24.452288
1145.000000 24.460200
1146.000000 24.468128
1147.000000 24.476072
1148.000000 24.484032
1149.000000 24.492008
1150.000000 24.500000
1151.000000 24.508008
1152.000000 24.516032
1153.000000 24.524072
1154.000000 24.532128
1155.000000 24.540200
1156.000000 24.548288
1157.000000 24.556392
1158.000000 24.564512
1159.000000 24.572648
1160.000000 24.580800
1161.000000 24.588968
1162.000000 24.597152
1163.000000 24.605352
1164.000000 24.613568
1165.000000 24.621800
1166.000000 24.630048
1167.000000 24.638312
1168.000000 24.646592
1169.000000 24.654888
1170.000000 24.663200
1171.000000 24.671528
1172.000000 24.679872
1173.000000 24.688232
1174.000000 24.696608
1175.000000 24.705000
1176.000000 24.713408
1177.000000 24.721832
1178.000000 24.730272
1179.000000 24.738728
1180.000000 24.747200
1181.000000 24.755688
1182.000000 24.764192
1183.000000 24.772712
1184.000000 24.781248
1185.000000 24.789800
1186.000000 24.798368
1187.000000 24.806952
1188.000000 24.815552
1189.000000 24.824168
1190.000000 24.832800
1191.000000 24.841448
1192.000000 24.850112
1193.000000 24.858792
1194.000000 24.867488
1195.000000 24.876200
1196.000000 24.884928
1197.000000 24.893672
1198.000000 24.902432
1199.000000 24.911208
1200.000000 24.920000
1201.000000 24.928808
1202.000000 24.937632
1203.000000 24.946472
1204.000000 24.955328
1205.000000 24.964200
1206.000000 24.973088
1207.000000 24.981992
1208.000000 24.990912
1209.000000 24.999848
1210.000000 25.008800
1211.000000 25.017768
1212.000000 25.026752
1213.000000 25.035752
1214.000000 25.044768
1215.000000 25.053800
1216.000000 25.062848
1217.000000 25.071912
1218.000000 25.080992
1219.000000 25.090088
1220.000000 25.099200
1221.000000 25.108328
1222.000000 25.117472
1223.000000 25.126632
1224.000000 25.135808
1225.000000 25.145000
1226.000000 25.154208
1227.000000 25.163432
1228.000000 25.172672
1229.000000 25.181928
1230.000000 25.191200
1231.000000 25.200488
1232.000000 25.209792
1233.000000 25.219112
1234.000000 25.228448
1235.000000 25.237800
1236.000000 25.247168
1237.000000 25.256552
1238.000000 25.265952
1239.000000 25.275368
1240.000000 25.284800
1241.000000 25.294248
1242.000000 25.303712
1243.000000 25.313192
1244.000000 25.322688
1245.000000 25.332200
1246.000000 25.341728
1247.000000 25.351272
1248.000000 25.360832
1249.000000 25.370408
1250.000000 25.380000
1251.000000 25.389608
1252.000000 25.399232
1253.000000 25.408872
1254.000000 25.418528
1255.000000 25.428200
1256.000000 25.437888
1257.000000 25.447592
1258.000000 25.457312
1259.000000 25.467048
1260.000000 25.476800
1261.000000 25.486568
1262.000000 25.496352
1263.000000 25.506152
1264.000000 25.515968
1265.000000 25.525800
1266.000000 25.535648
1267.000000 25.545512
1268.000000 25.555392
1269.000000 25.565288
1270.000000 25.575200
1271.000000 25.585128
1272.000000 25.595072
1273.000000 25.605032
1274.000000 25.615008
1275.000000 25.625000
1276.000000 25.635008
1277.000000 25.645032
1278.000000 25.655072
1279.000000 25.665128
1280.000000 25.675200
1281.000000 25.685288
1282.000000 25.695392
1283.000000 25.705512
1284.000000 25.715648
1285.000000 25.725800
1286.000000 25.735968
1287.000000 25.746152
1288.000000 25.756352
1289.000000 25.766568
1290.000000 25.776800
1291.000000 25.787048
1292.000000 25.797312
1293.000000 25.807592
1294.000000 25.817888
1295.000000 25.828200
1296.000000 25.838528
1297.000000 25.848872
1298.000000 25.859232
1299.000000 25.869608
1300.000000 25.880000
1301.000000 25.890408
1302.000000 25.900832
1303.000000 25.911272
1304.000000 25.921728
1305.000000 25.932200
1306.000000 25.942688
1307.000000 25.953192
1308.000000 25.963712
1309.000000 25.974248
1310.000000 25.984800
1311.000000 25.995368
1312.000000 26.005952
1313.000000 26.016552
1314.000000 26.027168
1315.000000 26.037800
1316.000000 26.048448
1317.000000 26.059112
1318.000000 26.069792
1319.000000 26.080488
1320.000000 26.091200
1321.000000 26.101928
1322.000000 26.112672
1323.000000 26.123432
1324.000000 26.134208
1325.000000 26.145000
1326.000000 26.155808
1327.000000 26.166632
1328.000000 26.177472
1329.000000 26.188328
1330.000000 26.199200
1331.000000 26.210088
1332.000000 26.220992
1333.000000 26.231912
1334.000000 26.242848
1335.000000 26.253800
1336.000000 26.264768
1337.000000 26.275752
1338.000000 26.286752
1339.000000 26.297768
1340.000000 26.308800
1341.000000 26.319848
1342.000000 26.330912
1343.000000 26.341992
1344.000000 26.353088
1345.000000 26.364200
1346.000000 26.375328
1347.000000 26.386472
1348.000000 26.397632
1349.000000 26.408808
1350.000000 26.420000
1351.000000 26.431208
1352.000000 26.442432
1353.000000 26.453672
1354.000000 26.464928
1355.000000 26.476200
1356.000000 26.487488
1357.000000 26.498792
1358.000000 26.510112
1359.000000 26.521448
1360.000000 26.532800
1361.000000 26.544168
1362.000000 26.555552
1363.000000 26.566952
1364.000000 26.578368
1365.000000 26.589800
1366.000000 26.601248
1367.000000 26.612712
1368.000000 26.624192
1369.000000 26.635688
1370.000000 26.647200
1371.000000 26.658728
1372.000000 26.670272
1373.000000 26.681832
1374.000000 26.693408
1375.000000 26.705000
1376.000000 26.716608
1377.000000 26.728232
1378.000000 26.739872
1379.000000 26.751528
1380.000000 26.763200
1381.000000 26.774888
1382.000000 26.786592
1383.000000 26.798312
1384.000000 26.810048
1385.000000 26.821800
1386.000000 26.833568
1387.000000 26.845352
1388.000000 26.857152
1389.000000 26.868968
1390.000000 26.880800
1391.000000 26.892648
1392.000000 26.904512
1393.000000 26.916392
1394.000000 26.928288
1395.000000 26.940200
1396.000000 26.952128
1397.000000 26.964072
1398.000000 26.976032
1399.000000 26.988008
1400.000000 27.000000
1401.000000 27.012008
1402.000000 27.024032
1403.000000 27.036072
1404.000000 27.048128
1405.000000 27.060200
1406.000000 27.072288
1407.000000 27.084392
1408.000000 27.096512
1409.000000 27.108648
1410.000000 27.120800
1411.000000 27.132968
1412.000000 27.145152
1413.000000 27.157352
1414.000000 27.169568
1415.000000 27.181800
1416.000000 27.194048
1417.000000 27.206312
1418.000000 27.218592
1419.000000 27.230888
1420.000000 27.243200
1421.000000 27.255528
1422.000000 27.267872
1423.000000 27.280232
1424.000000 27.292608
1425.000000 27.305000
1426.000000 27.317408
1427.000000 27.329832
1428.000000 27.342272
1429.000000 27.354728
1430.000000 27.367200
1431.000000 27.379688
1432.000000 27.392192
1433.000000 27.404712
1434.000000 27.417248
1435.000000 27.429800
1436.000000 27.442368
1437.000000 27.454952
1438.000000 27.467552
1439.000000 27.480168
1440.000000 27.492800
1441.000000 27.505448
1442.000000 27.518112
1443.000000 27.530792
1444.000000 27.543488
1445.000000 27.556200
1446.000000 27.568928
1447.000000 27.581672
1448.000000 27.594432
1449.000000 27.607208
1450.000000 27.620000
1451.000000 27.632808
1452.000000 27.645632
1453.000000 27.658472
1454.000000 27.671328
1455.000000 27.684200
1456.000000 27.697088
1457.000000 27.709992
1458.000000 27.722912
1459.000000 27.735848
1460.000000 27.748800
1461.000000 27.761768
1462.000000 27.774752
1463.000000 27.787752
1464.000000 27.800768
1465.000000 27.813800
1466.000000 27.826848
1467.000000 27.839912
1468.000000 27.852992
1469.000000 27.866088
1470.000000 27.879200
1471.000000 27.892328
1472.000000 27.905472
1473.000000 27.918632
1474.000000 27.931808
1475.000000 27.945000
1476.000000 27.958208
1477.000000 27.971432
1478.000000 27.984672
1479.000000 27.997928
1480.000000 28.011200
1481.000000 28.024488
1482.000000 28.037792
1483.000000 28.051112
1484.000000 28.064448
1485.000000 28.077800
1486.000000 28.091168
1487.000000 28.104552
1488.000000 28.117952
1489.000000 28.131368
1490.000000 28.144800
1491.000000 28.158248
1492.000000 28.171712
1493.000000 28.185192
1494.000000 28.198688
1495.000000 28.212200
1496.000000 28.225728
1497.000000 28.239272
1498.000000 28.252832
1499.000000 28.266408
1500.000000 28.280000
1501.000000 28.293608
1502.000000 28.307232
1503.000000 28.320872
1504.000000 28.334528
1505.000000 28.348200
1506.000000 28.361888
1507.000000 28.375592
1508.000000 28.389312
1509.000000 28.403048
1510.000000 28.416800
1511.000000 28.430568
1512.000000 28.444352
1513.000000 28.458152
1514.000000 28.471968
1515.000000 28.485800
1516.000000 28.499648
1517.000000 28.513512
1518.000000 28.527392
1519.000000 28.541288
1520.000000 28.555200
1521.000000 28.569128
1522.000000 28.583072
1523.000000 28.597032
1524.000000 28.611008
1525.000000 28.625000
1526.000000 28.639008
1527.000000 28.653032
1528.000000 28.667072
1529.000000 28.681128
1530.000000 28.695200
1531.000000 28.709288
1532.000000 28.723392
1533.000000 28.737512
1534.000000 28.751648
1535.000000 28.765800
1536.000000 28.779968
1537.000000 28.794152
1538.000000 28.808352
1539.000000 28.822568
1540.000000 28.836800
1541.000000 28.851048
1542.000000 28.865312
1543.000000 28.879592
1544.000000 28.893888
1545.000000 28.908200
1546.000000 28.922528
1547.000000 28.936872
1548.000000 28.951232
1549.000000 28.965608
1550.000000 28.980000
1551.000000 28.994408
1552.000000 29.008832
1553.000000 29.023272
1554.000000 29.037728
1555.000000 29.052200
1556.000000 29.066688
1557.000000 29.081192
1558.000000 29.095712
1559.000000 29.110248
1560.000000 29.124800
1561.000000 29.139368
1562.000000 29.153952
1563.000000 29.168552
1564.000000 29.183168
1565.000000 29.197800
1566.000000 29.212448
1567.000000 29.227112
1568.000000 29.241792
1569.000000 29.256488
1570.000000 29.271200
1571.000000 29.285928
1572.000000 29.300672
1573.000000 29.315432
1574.000000 29.330208
1575.000000 29.345000
1576.000000 29.359808
1577.000000 29.374632
1578.000000 29.389472
1579.000000 29.404328
1580.000000 29.419200
1581.000000 29.434088
1582.000000 29.448992
1583.000000 29.463912
1584.000000 29.478848
1585.000000 29.493800
1586.000000 29.508768
1587.000000 29.523752
1588.000000 29.538752
1589.000000 29.553768
1590.000000 29.568800
1591.000000 29.583848
1592.000000 29.598912
1593.000000 29.613992
1594.000000 29.629088
1595.000000 29.644200
1596.000000 29.659328
1597.000000 29.674472
1598.000000 29.689632
1599.000000 29.704808
1600.000000 29.720000
1601.000000 29.735208
1602.000000 29.750432
1603.000000 29.765672
1604.000000 29.780928
1605.000000 29.796200
1606.000000 29.811488
1607.000000 29.826792
1608.000000 29.842112
1609.000000 29.857448
1610.000000 29.872800
1611.000000 29.888168
1612.000000 29.903552
1613.000000 29.918952
1614.000000 29.934368
1615.000000 29.949800
1616.000000 29.965248
1617.000000 29.980712
1618.000000 29.996192
1619.000000 30.011688
1620.000000 30.027200
1621.000000 30.042728
1622.000000 30.058272
1623.000000 30.073832
1624.000000 30.089408
1625.000000 30.105000
1626.000000 30.120608
1627.000000 30.136232
1628.000000 30.151872
1629.000000 30.167528
1630.000000 30.183200
1631.000000 30.198888
1632.000000 30.214592
1633.000000 30.230312
1634.000000 30.246048
1635.000000 30.261800
1636.000000 30.277568
1637.000000 30.293352
1638.000000 30.309152
1639.000000 30.324968
1640.000000 30.340800
1641.000000 30.356648
1642.000000 30.372512
1643.000000 30.388392
1644.000000 30.404288
1645.000000 30.420200
1646.000000 30.436128
1647.000000 30.452072
1648.000000 30.468032
1649.000000 30.484008
1650.000000 30.500000
1651.000000 30.516008
1652.000000 30.532032
1653.000000 30.548072
1654.000000 30.564128
1655.000000 30.580200
1656.000000 30.596288
1657.000000 30.612392
1658.000000 30.628512
1659.000000 30.644648
1660.000000 30.660800
1661.000000 30.676968
1662.000000 30.693152
1663.000000 30.709352
1664.000000 30.725568
1665.000000 30.741800
1666.000000 30.758048
1667.000000 30.774312
1668.000000 30.790592
1669.000000 30.806888
1670.000000 30.823200
1671.000000 30.839528
1672.000000 30.855872
1673.000000 30.872232
1674.000000 30.888608
1675.000000 30.905000
1676.000000 30.921408
1677.000000 30.937832
1678.000000 30.954272
1679.000000 30.970728
1680.000000 30.987200
1681.000000 31.003688
1682.000000 31.020192
1683.000000 31.036712
1684.000000 31.053248
1685.000000 31.069800
1686.000000 31.086368
1687.000000 31.102952
1688.000000 31.119552
1689.000000 31.136168
1690.000000 31.152800
1691.000000 31.169448
1692.000000 31.186112
1693.000000 31.202792
1694.000000 31.219488
1695.000000 31.236200
1696.000000 31.252928
1697.000000 31.269672
1698.000000 31.286432
1699.000000 31.303208
1700.000000 31.320000
1701.000000 31.336808
1702.000000 31.353632
1703.000000 31.370472
1704.000000 31.387328
1705.000000 31.404200
1706.000000 31.421088
1707.000000 31.437992
1708.000000 31.454912
1709.000000 31.471848
1710.000000 31.488800
1711.000000 31.505768
1712.000000 31.522752
1713.000000 31.539752
1714.000000 31.556768
1715.000000 31.573800
1716.000000 31.590848
1717.000000 31.607912
1718.000000 31.624992
1719.000000 31.642088
1720.000000 31.659200
1721.000000 31.676328
1722.000000 31.693472
1723.000000 31.710632
1724.000000 31.727808
1725.000000 31.745000
1726.000000 31.762208
1727.000000 31.779432
1728.000000 31.796672
1729.000000 31.813928
1730.000000 31.831200
1731.000000 31.848488
1732.000000 31.865792
1733.000000 31.883112
1734.000000 31.900448
1735.000000 31.917800
1736.000000 31.935168
1737.000000 31.952552
1738.000000 31.969952
1739.000000 31.987368
1740.000000 32.004800
1741.000000 32.022248
1742.000000 32.039712
1743.000000 32.057192
1744.000000 32.074688
1745.000000 32.092200
1746.000000 32.109728
1747.000000 32.127272
1748.000000 32.144832
1749.000000 32.162408
1750.000000 32.180000
1751.000000 32.197608
1752.000000 32.215232
1753.000000 32.232872
1754.000000 32.250528
1755.000000 32.268200
1756.000000 32.285888
1757.000000 32.303592
1758.000000 32.321312
1759.000000 32.339048
1760.000000 32.356800
1761.000000 32.374568
1762.000000 32.392352
1763.000000 32.410152
1764.000000 32.427968
1765.000000 32.445800
1766.000000 32.463648
1767.000000 32.481512
1768.000000 32.499392
1769.000000 32.517288
1770.000000 32.535200
1771.000000 32.553128
1772.000000 32.571072
1773.000000 32.589032
1774.000000 32.607008
1775.000000 32.625000
1776.000000 32.643008
1777.000000 32.661032
1778.000000 32.679072
1779.000000 32.697128
1780.000000 32.715200
1781.000000 32.733288
1782.000000 32.751392
1783.000000 32.769512
1784.000000 32.787648
1785.000000 32.805800
1786.000000 32.823968
1787.000000 32.842152
1788.000000 32.860352
1789.000000 32.878568
1790.000000 32.896800
1791.000000 32.915048
1792.000000 32.933312
1793.000000 32.951592
1794.000000 32.969888
1795.000000 32.988200
1796.000000 33.006528
1797.000000 33.024872
1798.000000 33.043232
1799.000000 33.061608
1800.000000 33.080000
1801.000000 33.098408
1802.000000 33.116832
1803.000000 33.135272
1804.000000 33.153728
1805.000000 33.172200
1806.000000 33.190688
1807.000000 33.209192
1808.000000 33.227712
1809.000000 33.246248
1810.000000 33.264800
1811.000000 33.283368
1812.000000 33.301952
1813.000000 33.320552
1814.000000 33.339168
1815.000000 33.357800
1816.000000 33.376448
1817.000000 33.395112
1818.000000 33.413792
1819.000000 33.432488
1820.000000 33.451200
1821.000000 33.469928
1822.000000 33.488672
1823.000000 33.507432
1824.000000 33.526208
1825.000000 33.545000
1826.000000 33.563808
1827.000000 33.582632
1828.000000 33.601472
1829.000000 33.620328
1830.000000 33.639200
1831.000000 33.658088
1832.000000 33.676992
1833.000000 33.695912
1834.000000 33.714848
1835.000000 33.733800
1836.000000 33.752768
1837.000000 33.771752
1838.000000 33.790752
1839.000000 33.809768
1840.000000 33.828800
1841.000000 33.847848
1842.000000 33.866912
1843.000000 33.885992
1844.000000 33.905088
1845.000000 33.924200
1846.000000 33.943328
1847.000000 33.962472
1848.000000 33.981632
1849.000000 34.000808
1850.000000 34.020000
1851.000000 34.039208
1852.000000 34.058432
1853.000000 34.077672
1854.000000 34.096928
1855.000000 34.116200
1856.000000 34.135488
1857.000000 34.154792
1858.000000 34.174112
1859.000000 34.193448
1860.000000 34.212800
1861.000000 34.232168
1862.000000 34.251552
1863.000000 34.270952
1864.000000 34.290368
1865.000000 34.309800
1866.000000 34.329248
1867.000000 34.348712
1868.000000 34.368192
1869.000000 34.387688
1870.000000 34.407200
1871.000000 34.426728
1872.000000 34.446272
1873.000000 34.465832
1874.000000 34.485408
1875.000000 34.505000
1876.000000 34.524608
1877.000000 34.544232
1878.000000 34.563872
1879.000000 34.583528
1880.000000 34.603200
1881.000000 34.622888
1882.000000 34.642592
1883.000000 34.662312
1884.000000 34.682048
1885.000000 34.701800
1886.000000 34.721568
1887.000000 34.741352
1888.000000 34.761152
1889.000000 34.780968
1890.000000 34.800800
1891.000000 34.820648
1892.000000 34.840512
1893.000000 34.860392
1894.000000 34.880288
1895.000000 34.900200
1896.000000 34.920128
1897.000000 34.940072
1898.000000 34.960032
1899.000000 34.980008
1900.000000 35.000000
1901.000000 35.020008
1902.000000 35.040032
1903.000000 35.060072
1904.000000 35.080128
1905.000000 35.100200
1906.000000 35.120288
1907.000000 35.140392
1908.000000 35.160512
1909.000000 35.180648
1910.000000 35.200800
1911.000000 35.220968
1912.000000 35.241152
1913.000000 35.261352
1914.000000 35.281568
1915.000000 35.301800
1916.000000 35.322048
1917.000000 35.342312
1918.000000 35.362592
1919.000000 35.382888
1920.000000 35.403200
1921.000000 35.423528
1922.000000 35.443872
1923.000000 35.464232
1924.000000 35.484608
1925.000000 35.505000
1926.000000 35.525408
1927.000000 35.545832
1928.000000 35.566272
1929.000000 35.586728
1930.000000 35.607200
1931.000000 35.627688
1932.000000 35.648192
1933.000000 35.668712
1934.000000 35.689248
1935.000000 35.709800
1936.000000 35.730368
1937.000000 35.750952
1938.000000 35.771552
1939.000000 35.792168
1940.000000 35.812800
1941.000000 35.833448
1942.000000 35.854112
1943.000000 35.874792
1944.000000 35.895488
1945.000000 35.916200
1946.000000 35.936928
1947.000000 35.957672
1948.000000 35.978432
1949.000000 35.999208
1950.000000 36.020000
1951.000000 36.040808
1952.000000 36.061632
1953.000000 36.082472
1954.000000 36.103328
1955.000000 36.124200
1956.000000 36.145088
1957.000000 36.165992
1958.000000 36.186912
1959.000000 36.207848
1960.000000 36.228800
1961.000000 36.249768
1962.000000 36.270752
1963.000000 36.291752
1964.000000 36.312768
1965.000000 36.333800
1966.000000 36.354848
1967.000000 36.375912
1968.000000 36.396992
1969.000000 36.418088
1970.000000 36.439200
1971.000000 36.460328
1972.000000 36.481472
1973.000000 36.502632
1974.000000 36.523808
1975.000000 36.545000
1976.000000 36.566208
1977.000000 36.587432
1978.000000 36.608672
1979.000000 36.629928
1980.000000 36.651200
1981.000000 36.672488
1982.000000 36.693792
1983.000000 36.715112
1984.000000 36.736448
1985.000000 36.757800
1986.000000 36.779168
1987.000000 36.800552
1988.000000 36.821952
1989.000000 36.843368
1990.000000 36.864800
1991.000000 36.886248
1992.000000 36.907712
1993.000000 36.929192
1994.000000 36.950688
1995.000000 36.972200
1996.000000 36.993728
1997.000000 37.015272
1998.000000 37.036832
1999.000000 37.058408
2000.000000 37.080000
2001.000000 37.101608
2002.000000 37.123232
2003.000000 37.144872
2004.000000 37.166528
2005.000000 37.188200
2006.000000 37.209888
2007.000000 37.231592
2008.000000 37.253312
2009.000000 37.275048
2010.000000 37.296800
2011.000000 37.318568
2012.000000 37.340352
2013.000000 37.362152
2014.000000 37.383968
2015.000000 37.405800
2016.000000 37.427648
2017.000000 37.449512
2018.000000 37.471392
2019.000000 37.493288
2020.000000 37.515200
2021.000000 37.537128
2022.000000 37.559072
2023.000000 37.581032
2024.000000 37.603008
2025.000000 37.625000
2026.000000 37.647008
2027.000000 37.669032
2028.000000 37.691072
2029.000000 37.713128
2030.000000 37.735200
2031.000000 37.757288
2032.000000 37.779392
2033.000000 37.801512
2034.000000 37.823648
2035.000000 37.845800
2036.000000 37.867968
2037.000000 37.890152
2038.000000 37.912352
2039.000000 37.934568
2040.000000 37.956800
2041.000000 37.979048
2042.000000 38.001312
2043.000000 38.023592
2044.000000 38.045888
2045.000000 38.068200
2046.000000 38.090528
2047.000000 38.112872
2048.000000 38.135232
2049.000000 38.157608
2050.000000 38.180000
2051.000000 38.202408
2052.000000 38.224832
2053.000000 38.247272
2054.000000 38.269728
2055.000000 38.292200
2056.000000 38.314688
2057.000000 38.337192
2058.000000 38.359712
2059.000000 38.382248
2060.000000 38.404800
2061.000000 38.427368
2062.000000 38.449952
2063.000000 38.472552
2064.000000 38.495168
2065.000000 38.517800
2066.000000 38.540448
2067.000000 38.563112
2068.000000 38.585792
2069.000000 38.608488
2070.000000 38.631200
2071.000000 38.653928
2072.000000 38.676672
2073.000000 38.699432
2074.000000 38.722208
2075.000000 38.745000
2076.000000 38.767808
2077.000000 38.790632
2078.000000 38.813472
2079.000000 38.836328
2080.000000 38.859200
2081.000000 38.882088
2082.000000 38.904992
2083.000000 38.927912
2084.000000 38.950848
2085.000000 38.973800
2086.000000 38.996768
2087.000000 39.019752
2088.000000 39.042752
2089.000000 39.065768
2090.000000 39.088800
2091.000000 39.111848
2092.000000 39.134912
2093.000000 39.157992
2094.000000 39.181088
2095.000000 39.204200
2096.000000 39.227328
2097.000000 39.250472
2098.000000 39.273632
2099.000000 39.296808
2100.000000 39.320000
2101.000000 39.343208
2102.000000 39.366432
2103.000000 39.389672
2104.000000 39.412928
2105.000000 39.436200
2106.000000 39.459488
2107.000000 39.482792
2108.000000 39.506112
2109.000000 39.529448
2110.000000 39.552800
2111.000000 39.576168
2112.000000 39.599552
2113.000000 39.622952
2114.000000 39.646368
2115.000000 39.669800
2116.000000 39.693248
2117.000000 39.716712
2118.000000 39.740192
2119.000000 39.763688
2120.000000 39.787200
2121.000000 39.810728
2122.000000 39.834272
2123.000000 39.857832
2124.000000 39.881408
2125.000000 39.905000
2126.000000 39.928608
2127.000000 39.952232
2128.000000 39.975872
2129.000000 39.999528
2130.000000 40.023200
2131.000000 40.046888
2132.000000 40.070592
2133.000000 40.094312
2134.000000 40.118048
2135.000000 40.141800
2136.000000 40.165568
2137.000000 40.189352
2138.000000 40.213152
2139.000000 40.236968
2140.000000 40.260800
2141.000000 40.284648
2142.000000 40.308512
2143.000000 40.332392
2144.000000 40.356288
2145.000000 40.380200
2146.000000 40.404128
2147.000000 40.428072
2148.000000 40.452032
2149.000000 40.476008
2150.000000 40.500000
2151.000000 40.524008
2152.000000 40.548032
2153.000000 40.572072
2154.000000 40.596128
2155.000000 40.620200
2156.000000 40.644288
2157.000000 40.668392
2158.000000 40.692512
2159.000000 40.716648
2160.000000 40.740800
2161.000000 40.764968
2162.000000 40.789152
2163.000000 40.813352
2164.000000 40.837568
2165.000000 40.861800
2166.000000 40.886048
2167.000000 40.910312
2168.000000 40.934592
2169.000000 40.958888
2170.000000 40.983200
2171.000000 41.007528
2172.000000 41.031872
2173.000000 41.056232
2174.000000 41.080608
2175.000000 41.105000
2176.000000 41.129408
2177.000000 41.153832
2178.000000 41.178272
2179.000000 41.202728
2180.000000 41.227200
2181.000000 41.251688
2182.000000 41.276192
2183.000000 41.300712
2184.000000 41.325248
2185.000000 41.349800
2186.000000 41.374368
2187.000000 41.398952
2188.000000 41.423552
2189.000000 41.448168
2190.000000 41.472800
2191.000000 41.497448
2192.000000 41.522112
2193.000000 41.546792
2194.000000 41.571488
2195.000000 41.596200
2196.000000 41.620928
2197.000000 41.645672
2198.000000 41.670432
2199.000000 41.695208
2200.000000 41.720000
2201.000000 41.744808
2202.000000 41.769632
2203.000000 41.794472
2204.000000 41.819328
2205.000000 41.844200
2206.000000 41.869088
2207.000000 41.893992
2208.000000 41.918912
2209.000000 41.943848
2210.000000 41.968800
2211.000000 41.993768
2212.000000 42.018752
2213.000000 42.043752
2214.000000 42.068768
2215.000000 42.093800
2216.000000 42.118848
2217.000000 42.143912
2218.000000 42.168992
2219.000000 42.194088
2220.000000 42.219200
2221.000000 42.244328
2222.000000 42.269472
2223.000000 42.294632
2224.000000 42.319808
2225.000000 42.345000
2226.000000 42.370208
2227.000000 42.395432
2228.000000 42.420672
2229.000000 42.445928
2230.000000 42.471200
2231.000000 42.496488
2232.000000 42.521792
2233.000000 42.547112
2234.000000 42.572448
2235.000000 42.597800
2236.000000 42.623168
2237.000000 42.648552
2238.000000 42.673952
2239.000000 42.699368
2240.000000 42.724800
2241.000000 42.750248
2242.000000 42.775712
2243.000000 42.801192
2244.000000 42.826688
2245.000000 42.852200
2246.000000 42.877728
2247.000000 42.903272
2248.000000 42.928832
2249.000000 42.954408
2250.000000 42.980000
2251.000000 43.005608
2252.000000 43.031232
2253.000000 43.056872
2254.000000 43.082528
2255.000000 43.108200
2256.000000 43.133888
2257.000000 43.159592
2258.000000 43.185312
2259.000000 43.211048
2260.000000 43.236800
2261.000000 43.262568
2262.000000 43.288352
2263.000000 43.314152
2264.000000 43.339968
2265.000000 43.365800
2266.000000 43.391648
2267.000000 43.417512
2268.000000 43.443392
2269.000000 43.469288
2270.000000 43.495200
2271.000000 43.521128
2272.000000 43.547072
2273.000000 43.573032
2274.000000 43.599008
2275.000000 43.625000
2276.000000 43.651008
2277.000000 43.677032
2278.000000 43.703072
2279.000000 43.729128
2280.000000 43.755200
2281.000000 43.781288
2282.000000 43.807392
2283.000000 43.833512
2284.000000 43.859648
2285.000000 43.885800
2286.000000 43.911968
2287.000000 43.938152
2288.000000 43.964352
2289.000000 43.990568
2290.000000 44.016800
2291.000000 44.043048
2292.000000 44.069312
2293.000000 44.095592
2294.000000 44.121888
2295.000000 44.148200
2296.000000 44.174528
2297.000000 44.200872
2298.000000 44.227232
2299.000000 44.253608
2300.000000 44.280000
2301.000000 44.306408
2302.000000 44.332832
2303.000000 44.359272
2304.000000 44.385728
2305.000000 44.412200
2306.000000 44.438688
2307.000000 44.465192
2308.000000 44.491712
2309.000000 44.518248
2310.000000 44.544800
2311.000000 44.571368
2312.000000 44.597952
2313.000000 44.624552
2314.000000 44.651168
2315.000000 44.677800
2316.000000 44.704448
2317.000000 44.731112
2318.000000 44.757792
2319.000000 44.784488
2320.000000 44.811200
2321.000000 44.837928
2322.000000 44.864672
2323.000000 44.891432
2324.000000 44.918208
2325.000000 44.945000
2326.000000 44.971808
2327.000000 44.998632
2328.000000 45.025472
2329.000000 45.052328
2330.000000 45.079200
2331.000000 45.106088
2332.000000 45.132992
2333.000000 45.159912
2334.000000 45.186848
2335.000000 45.213800
2336.000000 45.240768
2337.000000 45.267752
2338.000000 45.294752
2339.000000 45.321768
2340.000000 45.348800
2341.000000 45.375848
2342.000000 45.402912
2343.000000 45.429992
2344.000000 45.457088
2345.000000 45.484200
2346.000000 45.511328
2347.000000 45.538472
2348.000000 45.565632
2349.000000 45.592808
2350.000000 45.620000
2351.000000 45.647208
2352.000000 45.674432
2353.000000 45.701672
2354.000000 45.728928
2355.000000 45.756200
2356.000000 45.783488
2357.000000 45.810792
2358.000000 45.838112
2359.000000 45.865448
2360.000000 45.892800
2361.000000 45.920168
2362.000000 45.947552
2363.000000 45.974952
2364.000000 46.002368
2365.000000 46.029800
2366.000000 46.057248
2367.000000 46.084712
2368.000000 46.112192
2369.000000 46.139688
2370.000000 46.167200
2371.000000 46.194728
2372.000000 46.222272
2373.000000 46.249832
2374.000000 46.277408
2375.000000 46.305000
2376.000000 46.332608
2377.000000 46.360232
2378.000000 46.387872
2379.000000 46.415528
2380.000000 46.443200
2381.000000 46.470888
2382.000000 46.498592
2383.000000 46.526312
2384.000000 46.554048
2385.000000 46.581800
2386.000000 46.609568
2387.000000 46.637352
2388.000000 46.665152
2389.000000 46.692968
2390.000000 46.720800
2391.000000 46.748648
2392.000000 46.776512
2393.000000 46.804392
2394.000000 46.832288
2395.000000 46.860200
2396.000000 46.888128
2397.000000 46.916072
2398.000000 46.944032
2399.000000 46.972008
2400.000000 47.000000
2401.000000 47.028008
2402.000000 47.056032
2403.000000 47.084072
2404.000000 47.112128
2405.000000 47.140200
2406.000000 47.168288
2407.000000 47.196392
2408.000000 47.224512
2409.000000 47.252648
2410.000000 47.280800
2411.000000 47.308968
2412.000000 47.337152
2413.000000 47.365352
2414.000000 47.393568
2415.000000 47.421800
2416.000000 47.450048
2417.000000 47.478312
2418.000000 47.506592
2419.000000 47.534888
2420.000000 47.563200
2421.000000 47.591528
2422.000000 47.619872
2423.000000 47.648232
2424.000000 47.676608
2425.000000 47.705000
2426.000000 47.733408
2427.000000 47.761832
2428.000000 47.790272
2429.000000 47.818728
2430.000000 47.847200
2431.000000 47.875688
2432.000000 47.904192
2433.000000 47.932712
2434.000000 47.961248
2435.000000 47.989800
2436.000000 48.018368
2437.000000 48.046952
2438.000000 48.075552
2439.000000 48.104168
2440.000000 48.132800
2441.000000 48.161448
2442.000000 48.190112
2443.000000 48.218792
2444.000000 48.247488
2445.000000 48.276200
2446.000000 48.304928
2447.000000 48.333672
2448.000000 48.362432
2449.000000 48.391208
2450.000000 48.420000
2451.000000 48.448808
2452.000000 48.477632
2453.000000 48.506472
2454.000000 48.535328
2455.000000 48.564200
2456.000000 48.593088
2457.000000 48.621992
2458.000000 48.650912
2459.000000 48.679848
2460.000000 48.708800
2461.000000 48.737768
2462.000000 48.766752
2463.000000 48.795752
2464.000000 48.824768
2465.000000 48.853800
2466.000000 48.882848
2467.000000 48.911912
2468.000000 48.940992
2469.000000 48.970088
2470.000000 48.999200
2471.000000 49.028328
2472.000000 49.057472
2473.000000 49.086632
2474.000000 49.115808
2475.000000 49.145000
2476.000000 49.174208
2477.000000 49.203432
2478.000000 49.232672
2479.000000 49.261928
2480.000000 49.291200
2481.000000 49.320488
2482.000000 49.349792
2483.000000 49.379112
2484.000000 49.408448
2485.000000 49.437800
2486.000000 49.467168
2487.000000 49.496552
2488.000000 49.525952
2489.000000 49.555368
2490.000000 49.584800
2491.000000 49.614248
2492.000000 49.643712
2493.000000 49.673192
2494.000000 49.702688
2495.000000 49.732200
2496.000000 49.761728
2497.000000 49.791272
2498.000000 49.820832
2499.000000 49.850408
2500.000000 49.880000
2501.000000 49.909608
2502.000000 49.939232
2503.000000 49.968872
2504.000000 49.998528
2505.000000 50.028200
2506.000000 50.057888
2507.000000 50.087592
2508.000000 50.117312
2509.000000 50.147048
2510.000000 50.176800
2511.000000 50.206568
2512.000000 50.236352
2513.000000 50.266152
2514.000000 50.295968
2515.000000 50.325800
2516.000000 50.355648
2517.000000 50.385512
2518.000000 50.415392
2519.000000 50.445288
2520.000000 50.475200
2521.000000 50.505128
2522.000000 50.535072
2523.000000 50.565032
2524.000000 50.595008
2525.000000 50.625000
2526.000000 50.655008
2527.000000 50.685032
2528.000000 50.715072
2529.000000 50.745128
2530.000000 50.775200
2531.000000 50.805288
2532.000000 50.835392
2533.000000 50.865512
2534.000000 50.895648
2535.000000 50.925800
2536.000000 50.955968
2537.000000 50.986152
2538.000000 51.016352
2539.000000 51.046568
2540.000000 51.076800
2541.000000 51.107048
2542.000000 51.137312
2543.000000 51.167592
2544.000000 51.197888
2545.000000 51.228200
2546.000000 51.258528
2547.000000 51.288872
2548.000000 51.319232
2549.000000 51.349608
2550.000000 51.380000
2551.000000 51.410408
2552.000000 51.440832
2553.000000 51.471272
2554.000000 51.501728
2555.000000 51.532200
2556.000000 51.562688
2557.000000 51.593192
2558.000000 51.623712
2559.000000 51.654248
2560.000000 51.684800
2561.000000 51.715368
2562.000000 51.745952
2563.000000 51.776552
2564.000000 51.807168
2565.000000 51.837800
2566.000000 51.868448
2567.000000 51.899112
2568.000000 51.929792
2569.000000 51.960488
2570.000000 51.991200
2571.000000 52.021928
2572.000000 52.052672
2573.000000 52.083432
2574.000000 52.114208
2575.000000 52.145000
2576.000000 52.175808
2577.000000 52.206632
2578.000000 52.237472
2579.000000 52.268328
2580.000000 52.299200
2581.000000 52.330088
2582.000000 52.360992
2583.000000 52.391912
2584.000000 52.422848
2585.000000 52.453800
2586.000000 52.484768
2587.000000 52.515752
2588.000000 52.546752
2589.000000 52.577768
2590.000000 52.608800
2591.000000 52.639848
2592.000000 52.670912
2593.000000 52.701992
2594.000000 52.733088
2595.000000 52.764200
2596.000000 52.795328
2597.000000 52.826472
2598.000000 52.857632
2599.000000 52.888808
2600.000000 52.920000
2601.000000 52.951208
2602.000000 52.982432
2603.000000 53.013672
2604.000000 53.044928
2605.000000 53.076200
2606.000000 53.107488
2607.000000 53.138792
2608.000000 53.170112
2609.000000 53.201448
2610.000000 53.232800
2611.000000 53.264168
2612.000000 53.295552
2613.000000 53.326952
2614.000000 53.358368
2615.000000 53.389800
2616.000000 53.421248
2617.000000 53.452712
2618.000000 53.484192
2619.000000 53.515688
2620.000000 53.547200
2621.000000 53.578728
2622.000000 53.610272
2623.000000 53.641832
2624.000000 53.673408
2625.000000 53.705000
2626.000000 53.736608
2627.000000 53.768232
2628.000000 53.799872
2629.000000 53.831528
2630.000000 53.863200
2631.000000 53.894888
2632.000000 53.926592
2633.000000 53.958312
2634.000000 53.990048
2635.000000 54.021800
2636.000000 54.053568
2637.000000 54.085352
2638.000000 54.117152
2639.000000 54.148968
2640.000000 54.180800
2641.000000 54.212648
2642.000000 54.244512
2643.000000 54.276392
2644.000000 54.308288
2645.000000 54.340200
2646.000000 54.372128
2647.000000 54.404072
2648.000000 54.436032
2649.000000 54.468008
2650.000000 54.500000
2651.000000 54.532008
2652.000000 54.564032
2653.000000 54.596072
2654.000000 54.628128
2655.000000 54.660200
2656.000000 54.692288
2657.000000 54.724392
2658.000000 54.756512
2659.000000 54.788648
2660.000000 54.820800
2661.000000 54.852968
2662.000000 54.885152
2663.000000 54.917352
2664.000000 54.949568
2665.000000 54.981800
2666.000000 55.014048
2667.000000 55.046312
2668.000000 55.078592
2669.000000 55.110888
2670.000000 55.143200
2671.000000 55.175528
2672.000000 55.207872
2673.000000 55.240232
2674.000000 55.272608
2675.000000 55.305000
2676.000000 55.337408
2677.000000 55.369832
2678.000000 55.402272
2679.000000 55.434728
2680.000000 55.467200
2681.000000 55.499688
2682.000000 55.532192
2683.000000 55.564712
2684.000000 55.597248
2685.000000 55.629800
2686.000000 55.662368
2687.000000 55.694952
2688.000000 55.727552
2689.000000 55.760168
2690.000000 55.792800
2691.000000 55.825448
2692.000000 55.858112
2693.000000 55.890792
2694.000000 55.923488
2695.000000 55.956200
2696.000000 55.988928
2697.000000 56.021672
2698.000000 56.054432
2699.000000 56.087208
2700.000000 56.120000
2701.000000 56.152808
2702.000000 56.185632
2703.000000 56.218472
2704.000000 56.251328
2705.000000 56.284200
2706.000000 56.317088
2707.000000 56.349992
2708.000000 56.382912
2709.000000 56.415848
2710.000000 56.448800
2711.000000 56.481768
2712.000000 56.514752
2713.000000 56.547752
2714.000000 56.580768
2715.000000 56.613800
2716.000000 56.646848
2717.000000 56.679912
2718.000000 56.712992
2719.000000 56.746088
2720.000000 56.779200
2721.000000 56.812328
2722.000000 56.845472
2723.000000 56.878632
2724.000000 56.911808
2725.000000 56.945000
2726.000000 56.978208
2727.000000 57.011432
2728.000000 57.044672
2729.000000 57.077928
2730.000000 57.111200
2731.000000 57.144488
2732.000000 57.177792
2733.000000 57.211112
2734.000000 57.244448
2735.000000 57.277800
2736.000000 57.311168
2737.000000 57.344552
2738.000000 57.377952
2739.000000 57.411368
2740.000000 57.444800
2741.000000 57.478248
2742.000000 57.511712
2743.000000 57.545192
2744.000000 57.578688
2745.000000 57.612200
2746.000000 57.645728
2747.000000 57.679272
2748.000000 57.712832
2749.000000 57.746408
2750.000000 57.780000
2751.000000 57.813608
2752.000000 57.847232
2753.000000 57.880872
2754.000000 57.914528
2755.000000 57.948200
2756.000000 57.981888
2757.000000 58.015592
2758.000000 58.049312
2759.000000 58.083048
2760.000000 58.116800
2761.000000 58.150568
2762.000000 58.184352
2763.000000 58.218152
2764.000000 58.251968
2765.000000 58.285800
2766.000000 58.319648
2767.000000 58.353512
2768.000000 58.387392
2769.000000 58.421288
2770.000000 58.455200
2771.000000 58.489128
2772.000000 58.523072
2773.000000 58.557032
2774.000000 58.591008
2775.000000 58.625000
2776.000000 58.659008
2777.000000 58.693032
2778.000000 58.727072
2779.000000 58.761128
2780.000000 58.795200
2781.000000 58.829288
2782.000000 58.863392
2783.000000 58.897512
2784.000000 58.931648
2785.000000 58.965800
2786.000000 58.999968
2787.000000 59.034152
2788.000000 59.068352
2789.000000 59.102568
2790.000000 59.136800
2791.000000 59.171048
2792.000000 59.205312
2793.000000 59.239592
2794.000000 59.273888
2795.000000 59.308200
2796.000000 59.342528
2797.000000 59.376872
2798.000000 59.411232
2799.000000 59.445608
2800.000000 59.480000
2801.000000 59.514408
2802.000000 59.548832
2803.000000 59.583272
2804.000000 59.617728
2805.000000 59.652200
2806.000000 59.686688
2807.000000 59.721192
2808.000000 59.755712
2809.000000 59.790248
2810.000000 59.824800
2811.000000 59.859368
2812.000000 59.893952
2813.000000 59.928552
2814.000000 59.963168
2815.000000 59.997800
2816.000000 60.032448
2817.000000 60.067112
2818.000000 60.101792
2819.000000 60.136488
2820.000000 60.171200
2821.000000 60.205928
2822.000000 60.240672
2823.000000 60.275432
2824.000000 60.310208
2825.000000 60.345000
2826.000000 60.379808
2827.000000 60.414632
2828.000000 60.449472
2829.000000 60.484328
2830.000000 60.519200
2831.000000 60.554088
2832.000000 60.588992
2833.000000 60.623912
2834.000000 60.658848
2835.000000 60.693800
2836.000000 60.728768
2837.000000 60.763752
2838.000000 60.798752
2839.000000 60.833768
2840.000000 60.868800
2841.000000 60.903848
2842.000000 60.938912
2843.000000 60.973992
2844.000000 61.009088
2845.000000 61.044200
2846.000000 61.079328
2847.000000 61.114472
2848.000000 61.149632
2849.000000 61.184808
2850.000000 61.220000
2851.000000 61.255208
2852.000000 61.290432
2853.000000 61.325672
2854.000000 61.360928
2855.000000 61.396200
2856.000000 61.431488
2857.000000 61.466792
2858.000000 61.502112
2859.000000 61.537448
2860.000000 61.572800
2861.000000 61.608168
2862.000000 61.643552
2863.000000 61.678952
2864.000000 61.714368
2865.000000 61.749800
2866.000000 61.785248
2867.000000 61.820712
2868.000000 61.856192
2869.000000 61.891688
2870.000000 61.927200
2871.000000 61.962728
2872.000000 61.998272
2873.000000 62.033832
2874.000000 62.069408
2875.000000 62.105000
2876.000000 62.140608
2877.000000 62.176232
2878.000000 62.211872
2879.000000 62.247528
2880.000000 62.283200
2881.000000 62.318888
2882.000000 62.354592
2883.000000 62.390312
2884.000000 62.426048
2885.000000 62.461800
2886.000000 62.497568
2887.000000 62.533352
2888.000000 62.569152
2889.000000 62.604968
2890.000000 62.640800
2891.000000 62.676648
2892.000000 62.712512
2893.000000 62.748392
2894.000000 62.784288
2895.000000 62.820200
2896.000000 62.856128
2897.000000 62.892072
2898.000000 62.928032
2899.000000 62.964008
2900.000000 63.000000
2901.000000 63.036008
2902.000000 63.072032
2903.000000 63.108072
2904.000000 63.144128
2905.000000 63.180200
2906.000000 63.216288
2907.000000 63.252392
2908.000000 63.288512
2909.000000 63.324648
2910.000000 63.360800
2911.000000 63.396968
2912.000000 63.433152
2913.000000 63.469352
2914.000000 63.505568
2915.000000 63.541800
2916.000000 63.578048
2917.000000 63.614312
2918.000000 63.650592
2919.000000 63.686888
2920.000000 63.723200
2921.000000 63.759528
2922.000000 63.795872
2923.000000 63.832232
2924.000000 63.868608
2925.000000 63.905000
2926.000000 63.941408
2927.000000 63.977832
2928.000000 64.014272
2929.000000 64.050728
2930.000000 64.087200
2931.000000 64.123688
2932.000000 64.160192
2933.000000 64.196712
2934.000000 64.233248
2935.000000 64.269800
2936.000000 64.306368
2937.000000 64.342952
2938.000000 64.379552
2939.000000 64.416168
2940.000000 64.452800
2941.000000 64.489448
2942.000000 64.526112
2943.000000 64.562792
2944.000000 64.599488
2945.000000 64.636200
2946.000000 64.672928
2947.000000 64.709672
2948.000000 64.746432
2949.000000 64.783208
2950.000000 64.820000
2951.000000 64.856808
2952.000000 64.893632
2953.000000 64.930472
2954.000000 64.967328
2955.000000 65.004200
2956.000000 65.041088
2957.000000 65.077992
2958.000000 65.114912
2959.000000 65.151848
2960.000000 65.188800
2961.000000 65.225768
2962.000000 65.262752
2963.000000 65.299752
2964.000000 65.336768
2965.000000 65.373800
2966.000000 65.410848
2967.000000 65.447912
2968.000000 65.484992
2969.000000 65.522088
2970.000000 65.559200
2971.000000 65.596328
2972.000000 65.633472
2973.000000 65.670632
2974.000000 65.707808
2975.000000 65.745000
2976.000000 65.782208
2977.000000 65.819432
2978.000000 65.856672
2979.000000 65.893928
2980.000000 65.931200
2981.000000 65.968488
2982.000000 66.005792
2983.000000 66.043112
2984.000000 66.080448
2985.000000 66.117800
2986.000000 66.155168
2987.000000 66.192552
2988.000000 66.229952
2989.000000 66.267368
2990.000000 66.304800
2991.000000 66.342248
2992.000000 66.379712
2993.000000 66.417192
2994.000000 66.454688
2995.000000 66.492200
2996.000000 66.529728
2997.000000 66.567272
2998.000000 66.604832
2999.000000 66.642408
3000.000000 66.680000
