250.000000 2747582.396668
251.000000 2747107.999221
252.000000 2746636.451001
253.000000 2746167.746282
254.000000 2745701.879324
255.000000 2745238.844377
256.000000 2744778.635679
257.000000 2744321.247457
258.000000 2743866.673924
259.000000 2743414.909284
260.000000 2742965.947727
261.000000 2742519.783431
262.000000 2742076.410562
263.000000 2741635.823275
264.000000 2741198.015711
265.000000 2740762.982000
266.000000 2740330.716259
267.000000 2739901.212591
268.000000 2739474.465090
269.000000 2739050.467833
270.000000 2738629.214888
271.000000 2738210.700308
272.000000 2737794.918133
273.000000 2737381.862391
274.000000 2736971.527096
275.000000 2736563.906250
276.000000 2736158.993840
277.000000 2735756.783841
278.000000 2735357.270214
279.000000 2734960.446907
280.000000 2734566.307852
281.000000 2734174.846972
282.000000 2733786.058171
283.000000 2733399.935343
284.000000 2733016.472365
285.000000 2732635.663101
286.000000 2732257.501403
287.000000 2731881.981105
288.000000 2731509.096029
289.000000 2731138.839981
290.000000 2730771.206754
291.000000 2730406.190124
292.000000 2730043.783856
293.000000 2729683.981695
294.000000 2729326.777375
295.000000 2728972.164613
296.000000 2728620.137112
297.000000 2728270.688558
298.000000 2727923.812622
299.000000 2727579.502959
300.000000 2727237.753211
301.000000 2726898.557001
302.000000 2726561.907937
303.000000 2726227.799612
304.000000 2725896.225600
305.000000 2725567.179462
306.000000 2725240.654741
307.000000 2724916.644963
308.000000 2724595.143638
309.000000 2724276.144259
310.000000 2723959.640302
311.000000 2723645.625225
312.000000 2723334.092472
313.000000 2723025.035465
314.000000 2722718.447612
315.000000 2722414.322301
316.000000 2722112.652904
317.000000 2721813.432775
318.000000 2721516.655249
319.000000 2721222.313642
320.000000 2720930.401254
321.000000 2720640.911364
322.000000 2720353.837235
323.000000 2720069.172108
324.000000 2719786.909207
325.000000 2719507.041737
326.000000 2719229.562882
327.000000 2718954.465809
328.000000 2718681.743663
329.000000 2718411.389571
330.000000 2718143.396638
331.000000 2717877.757950
332.000000 2717614.466573
333.000000 2717353.515552
334.000000 2717094.897910
335.000000 2716838.606652
336.000000 2716584.634760
337.000000 2716332.975194
338.000000 2716083.620894
339.000000 2715836.564777
340.000000 2715591.799740
341.000000 2715349.318656
342.000000 2715109.114377
343.000000 2714871.179731
344.000000 2714635.507525
345.000000 2714402.090542
346.000000 2714170.921542
347.000000 2713941.993262
348.000000 2713715.298414
349.000000 2713490.829689
350.000000 2713268.579750
351.000000 2713048.541240
352.000000 2712830.706774
353.000000 2712615.068943
354.000000 2712401.620314
355.000000 2712190.353428
356.000000 2711981.260800
357.000000 2711774.334920
358.000000 2711569.568251
359.000000 2711366.953231
360.000000 2711166.482269
361.000000 2710968.147749
362.000000 2710771.942028
363.000000 2710577.857433
364.000000 2710385.886266
365.000000 2710196.020798
366.000000 2710008.253276
367.000000 2709822.575912
368.000000 2709638.980895
369.000000 2709457.460380
370.000000 2709278.006495
371.000000 2709100.611337
372.000000 2708925.266972
373.000000 2708751.965436
374.000000 2708580.698734
375.000000 2708411.458837
376.000000 2708244.237688
377.000000 2708079.027196
378.000000 2707915.819235
379.000000 2707754.605650
380.000000 2707595.378249
381.000000 2707438.128809
382.000000 2707282.849070
383.000000 2707129.530739
384.000000 2706978.165487
385.000000 2706828.744950
386.000000 2706681.260727
387.000000 2706535.704380
388.000000 2706392.067436
389.000000 2706250.341383
390.000000 2706110.517671
391.000000 2705972.587711
392.000000 2705836.542875
393.000000 2705702.374497
394.000000 2705570.073868
395.000000 2705439.632240
396.000000 2705311.040824
397.000000 2705184.290788
398.000000 2705059.373258
399.000000 2704936.279315
400.000000 2704815.000000
401.000000 2704695.526306
402.000000 2704577.849182
403.000000 2704461.959532
404.000000 2704347.848213
405.000000 2704235.506033
406.000000 2704124.923755
407.000000 2704016.092091
408.000000 2703909.001705
409.000000 2703803.643209
410.000000 2703700.007165
411.000000 2703598.084083
412.000000 2703497.864420
413.000000 2703399.338578
414.000000 2703302.496907
415.000000 2703207.329699
416.000000 2703113.827190
417.000000 2703021.979559
418.000000 2702931.776926
419.000000 2702843.209350
420.000000 2702756.266832
421.000000 2702670.939308
422.000000 2702587.216654
423.000000 2702505.088680
424.000000 2702424.545129
425.000000 2702345.575680
426.000000 2702268.169942
427.000000 2702192.317455
428.000000 2702118.007690
429.000000 2702045.230041
430.000000 2701973.973834
431.000000 2701904.228314
432.000000 2701835.982652
433.000000 2701769.225940
434.000000 2701703.947189
435.000000 2701640.135327
436.000000 2701577.779200
437.000000 2701516.867565
438.000000 2701457.389094
439.000000 2701399.332365
440.000000 2701342.685866
441.000000 2701287.437991
442.000000 2701233.577034
443.000000 2701181.091192
444.000000 2701129.968558
445.000000 2701080.197120
446.000000 2701031.764761
447.000000 2700984.659251
448.000000 2700938.868245
449.000000 2700894.379285
450.000000 2700851.179788
451.000000 2700809.257050
452.000000 2700768.598239
453.000000 2700729.190390
454.000000 2700691.020403
455.000000 2700654.075039
456.000000 2700618.340913
457.000000 2700583.804489
458.000000 2700550.452080
459.000000 2700518.269836
460.000000 2700487.243742
461.000000 2700457.359610
462.000000 2700428.603075
463.000000 2700400.959587
464.000000 2700374.414400
465.000000 2700348.952571
466.000000 2700324.558946
467.000000 2700301.218153
468.000000 2700278.914593
469.000000 2700257.632428
470.000000 2700237.355570
471.000000 2700218.067671
472.000000 2700199.752107
473.000000 2700182.391965
474.000000 2700165.970026
475.000000 2700150.468750
476.000000 2700135.870257
477.000000 2700122.156303
478.000000 2700109.308263
479.000000 2700097.307100
480.000000 2700086.133338
481.000000 2700075.767035
482.000000 2700066.187740
483.000000 2700057.374458
484.000000 2700049.305600
485.000000 2700041.958933
486.000000 2700035.311517
487.000000 2700029.339633
488.000000 2700024.018695
489.000000 2700019.323154
490.000000 2700015.226367
491.000000 2700011.700450
492.000000 2700008.716081
493.000000 2700006.242253
494.000000 2700004.245946
495.000000 2700002.691667
496.000000 2700001.540800
497.000000 2700000.750584
498.000000 2700000.272378
499.000000 2700000.048150
500.000000 2700000.000000
501.000000 2700000.048150
502.000000 2700000.272378
503.000000 2700000.750584
504.000000 2700001.540800
505.000000 2700002.691667
506.000000 2700004.245946
507.000000 2700006.242253
508.000000 2700008.716081
509.000000 2700011.700450
510.000000 2700015.226367
511.000000 2700019.323154
512.000000 2700024.018695
513.000000 2700029.339633
514.000000 2700035.311517
515.000000 2700041.958933
516.000000 2700049.305600
517.000000 2700057.374458
518.000000 2700066.187740
519.000000 2700075.767035
520.000000 2700086.133338
521.000000 2700097.307100
522.000000 2700109.308263
523.000000 2700122.156303
524.000000 2700135.870257
525.000000 2700150.468750
526.000000 2700165.970026
527.000000 2700182.391965
528.000000 2700199.752107
529.000000 2700218.067671
530.000000 2700237.355570
531.000000 2700257.632428
532.000000 2700278.914593
533.000000 2700301.218153
534.000000 2700324.558946
535.000000 2700348.952571
536.000000 2700374.414400
537.000000 2700400.959587
538.000000 2700428.603075
539.000000 2700457.359610
540.000000 2700487.243742
541.000000 2700518.269836
542.000000 2700550.452080
543.000000 2700583.804489
544.000000 2700618.340913
545.000000 2700654.075039
546.000000 2700691.020403
547.000000 2700729.190390
548.000000 2700768.598239
549.000000 2700809.257050
550.000000 2700851.179788
551.000000 2700894.379285
552.000000 2700938.868245
553.000000 2700984.659251
554.000000 2701031.764761
555.000000 2701080.197120
556.000000 2701129.968558
557.000000 2701181.091192
558.000000 2701233.577034
559.000000 2701287.437991
560.000000 2701342.685866
561.000000 2701399.332365
562.000000 2701457.389094
563.000000 2701516.867565
564.000000 2701577.779200
565.000000 2701640.135327
566.000000 2701703.947189
567.000000 2701769.225940
568.000000 2701835.982652
569.000000 2701904.228314
570.000000 2701973.973834
571.000000 2702045.230041
572.000000 2702118.007690
573.000000 2702192.317455
574.000000 2702268.169942
575.000000 2702345.575680
576.000000 2702424.545129
577.000000 2702505.088680
578.000000 2702587.216654
579.000000 2702670.939308
580.000000 2702756.266832
581.000000 2702843.209350
582.000000 2702931.776926
583.000000 2703021.979559
584.000000 2703113.827190
585.000000 2703207.329699
586.000000 2703302.496907
587.000000 2703399.338578
588.000000 2703497.864420
589.000000 2703598.084083
590.000000 2703700.007165
591.000000 2703803.643209
592.000000 2703909.001705
593.000000 2704016.092091
594.000000 2704124.923755
595.000000 2704235.506033
596.000000 2704347.848213
597.000000 2704461.959532
598.000000 2704577.849182
599.000000 2704695.526306
600.000000 2704815.000000
601.000000 2704936.279315
602.000000 2705059.373258
603.000000 2705184.290788
604.000000 2705311.040824
605.000000 2705439.632240
606.000000 2705570.073868
607.000000 2705702.374497
608.000000 2705836.542875
609.000000 2705972.587711
610.000000 2706110.517671
611.000000 2706250.341383
612.000000 2706392.067436
613.000000 2706535.704380
614.000000 2706681.260727
615.000000 2706828.744950
616.000000 2706978.165487
617.000000 2707129.530739
618.000000 2707282.849070
619.000000 2707438.128809
620.000000 2707595.378249
621.000000 2707754.605650
622.000000 2707915.819235
623.000000 2708079.027196
624.000000 2708244.237688
625.000000 2708411.458837
626.000000 2708580.698734
627.000000 2708751.965436
628.000000 2708925.266972
629.000000 2709100.611337
630.000000 2709278.006495
631.000000 2709457.460380
632.000000 2709638.980895
633.000000 2709822.575912
634.000000 2710008.253276
635.000000 2710196.020798
636.000000 2710385.886266
637.000000 2710577.857433
638.000000 2710771.942028
639.000000 2710968.147749
640.000000 2711166.482269
641.000000 2711366.953231
642.000000 2711569.568251
643.000000 2711774.334920
644.000000 2711981.260800
645.000000 2712190.353428
646.000000 2712401.620314
647.000000 2712615.068943
648.000000 2712830.706774
649.000000 2713048.541240
650.000000 2713268.579750
651.000000 2713490.829689
652.000000 2713715.298414
653.000000 2713941.993262
654.000000 2714170.921542
655.000000 2714402.090542
656.000000 2714635.507525
657.000000 2714871.179731
658.000000 2715109.114377
659.000000 2715349.318656
660.000000 2715591.799740
661.000000 2715836.564777
662.000000 2716083.620894
663.000000 2716332.975194
664.000000 2716584.634760
665.000000 2716838.606652
666.000000 2717094.897910
667.000000 2717353.515552
668.000000 2717614.466573
669.000000 2717877.757950
670.000000 2718143.396638
671.000000 2718411.389571
672.000000 2718681.743663
673.000000 2718954.465809
674.000000 2719229.562882
675.000000 2719507.041737
676.000000 2719786.909207
677.000000 2720069.172108
678.000000 2720353.837235
679.000000 2720640.911364
680.000000 2720930.401254
681.000000 2721222.313642
682.000000 2721516.655249
683.000000 2721813.432775
684.000000 2722112.652904
685.000000 2722414.322301
686.000000 2722718.447612
687.000000 2723025.035465
688.000000 2723334.092472
689.000000 2723645.625225
690.000000 2723959.640302
691.000000 2724276.144259
692.000000 2724595.143638
693.000000 2724916.644963
694.000000 2725240.654741
695.000000 2725567.179462
696.000000 2725896.225600
697.000000 2726227.799612
698.000000 2726561.907937
699.000000 2726898.557001
700.000000 2727237.753211
701.000000 2727579.502959
702.000000 2727923.812622
703.000000 2728270.688558
704.000000 2728620.137112
705.000000 2728972.164613
706.000000 2729326.777375
707.000000 2729683.981695
708.000000 2730043.783856
709.000000 2730406.190124
710.000000 2730771.206754
711.000000 2731138.839981
712.000000 2731509.096029
713.000000 2731881.981105
714.000000 2732257.501403
715.000000 2732635.663101
716.000000 2733016.472365
717.000000 2733399.935343
718.000000 2733786.058171
719.000000 2734174.846972
720.000000 2734566.307852
721.000000 2734960.446907
722.000000 2735357.270214
723.000000 2735756.783841
724.000000 2736158.993840
725.000000 2736563.906250
726.000000 2736971.527096
727.000000 2737381.862391
728.000000 2737794.918133
729.000000 2738210.700308
730.000000 2738629.214888
731.000000 2739050.467833
732.000000 2739474.465090
733.000000 2739901.212591
734.000000 2740330.716259
735.000000 2740762.982000
736.000000 2741198.015711
737.000000 2741635.823275
738.000000 2742076.410562
739.000000 2742519.783431
740.000000 2742965.947727
741.000000 2743414.909284
742.000000 2743866.673924
743.000000 2744321.247457
744.000000 2744778.635679
745.000000 2745238.844377
746.000000 2745701.879324
747.000000 2746167.746282
748.000000 2746636.451001
749.000000 2747107.999221
750.000000 2747582.396668
751.000000 2748059.649058
752.000000 2748539.762094
753.000000 2749022.741471
754.000000 2749508.592869
755.000000 2749997.321959
756.000000 2750488.934400
757.000000 2750983.435840
758.000000 2751480.831916
759.000000 2751981.128255
760.000000 2752484.330470
761.000000 2752990.444168
762.000000 2753499.474942
763.000000 2754011.428374
764.000000 2754526.310037
765.000000 2755044.125492
766.000000 2755564.880291
767.000000 2756088.579974
768.000000 2756615.230072
769.000000 2757144.836105
770.000000 2757677.403582
771.000000 2758212.938002
772.000000 2758751.444856
773.000000 2759292.929622
774.000000 2759837.397770
775.000000 2760384.854757
776.000000 2760935.306034
777.000000 2761488.757040
778.000000 2762045.213204
779.000000 2762604.679946
780.000000 2763167.162675
781.000000 2763732.666792
782.000000 2764301.197687
783.000000 2764872.760742
784.000000 2765447.361327
785.000000 2766025.004805
786.000000 2766605.696527
787.000000 2767189.441838
788.000000 2767776.246071
789.000000 2768366.114550
790.000000 2768959.052591
791.000000 2769555.065500
792.000000 2770154.158573
793.000000 2770756.337099
794.000000 2771361.606357
795.000000 2771969.971616
796.000000 2772581.438137
797.000000 2773196.011171
798.000000 2773813.695963
799.000000 2774434.497746
800.000000 2775058.421746
801.000000 2775685.473179
802.000000 2776315.657254
803.000000 2776948.979170
804.000000 2777585.444118
805.000000 2778225.057280
806.000000 2778867.823829
807.000000 2779513.748932
808.000000 2780162.837744
809.000000 2780815.095415
810.000000 2781470.527085
811.000000 2782129.137884
812.000000 2782790.932937
813.000000 2783455.917359
814.000000 2784124.096257
815.000000 2784795.474730
816.000000 2785470.057869
817.000000 2786147.850757
818.000000 2786828.858467
819.000000 2787513.086068
820.000000 2788200.538617
821.000000 2788891.221166
822.000000 2789585.138757
823.000000 2790282.296426
824.000000 2790982.699200
825.000000 2791686.352098
826.000000 2792393.260132
827.000000 2793103.428307
828.000000 2793816.861618
829.000000 2794533.565054
830.000000 2795253.543597
831.000000 2795976.802220
832.000000 2796703.345889
833.000000 2797433.179562
834.000000 2798166.308192
835.000000 2798902.736721
836.000000 2799642.470086
837.000000 2800385.513215
838.000000 2801131.871031
839.000000 2801881.548447
840.000000 2802634.550371
841.000000 2803390.881702
842.000000 2804150.547334
843.000000 2804913.552150
844.000000 2805679.901031
845.000000 2806449.598846
846.000000 2807222.650460
847.000000 2807999.060731
848.000000 2808778.834507
849.000000 2809561.976633
850.000000 2810348.491944
851.000000 2811138.385269
852.000000 2811931.661431
853.000000 2812728.325246
854.000000 2813528.381521
855.000000 2814331.835059
856.000000 2815138.690654
857.000000 2815948.953095
858.000000 2816762.627164
859.000000 2817579.717635
860.000000 2818400.229277
861.000000 2819224.166850
862.000000 2820051.535110
863.000000 2820882.338806
864.000000 2821716.582679
865.000000 2822554.271464
866.000000 2823395.409891
867.000000 2824240.002681
868.000000 2825088.054550
869.000000 2825939.570208
870.000000 2826794.554358
871.000000 2827653.011696
872.000000 2828514.946913
873.000000 2829380.364693
874.000000 2830249.269714
875.000000 2831121.666647
876.000000 2831997.560157
877.000000 2832876.954903
878.000000 2833759.855538
879.000000 2834646.266709
880.000000 2835536.193056
881.000000 2836429.639214
882.000000 2837326.609811
883.000000 2838227.109469
884.000000 2839131.142804
885.000000 2840038.714426
886.000000 2840949.828941
887.000000 2841864.490945
888.000000 2842782.705030
889.000000 2843704.475785
890.000000 2844629.807787
891.000000 2845558.705613
892.000000 2846491.173831
893.000000 2847427.217004
894.000000 2848366.839688
895.000000 2849310.046435
896.000000 2850256.841790
897.000000 2851207.230293
898.000000 2852161.216477
899.000000 2853118.804872
900.000000 2854080.000000
901.000000 2855044.806377
902.000000 2856013.228515
903.000000 2856985.270919
904.000000 2857960.938090
905.000000 2858940.234522
906.000000 2859923.164703
907.000000 2860909.733117
908.000000 2861899.944243
909.000000 2862893.802551
910.000000 2863891.312510
911.000000 2864892.478580
912.000000 2865897.305218
913.000000 2866905.796874
914.000000 2867917.957993
915.000000 2868933.793015
916.000000 2869953.306374
917.000000 2870976.502499
918.000000 2872003.385815
919.000000 2873033.960740
920.000000 2874068.231686
921.000000 2875106.203061
922.000000 2876147.879269
923.000000 2877193.264707
924.000000 2878242.363767
925.000000 2879295.180836
926.000000 2880351.720295
927.000000 2881411.986523
928.000000 2882475.983889
929.000000 2883543.716761
930.000000 2884615.189500
931.000000 2885690.406462
932.000000 2886769.371999
933.000000 2887852.090456
934.000000 2888938.566176
935.000000 2890028.803493
936.000000 2891122.806739
937.000000 2892220.580241
938.000000 2893322.128319
939.000000 2894427.455290
940.000000 2895536.565465
941.000000 2896649.463150
942.000000 2897766.152648
943.000000 2898886.638254
944.000000 2900010.924261
945.000000 2901139.014955
946.000000 2902270.914619
947.000000 2903406.627531
948.000000 2904546.157962
949.000000 2905689.510180
950.000000 2906836.688448
951.000000 2907987.697026
952.000000 2909142.540165
953.000000 2910301.222115
954.000000 2911463.747121
955.000000 2912630.119421
956.000000 2913800.343251
957.000000 2914974.422840
958.000000 2916152.362414
959.000000 2917334.166194
960.000000 2918519.838396
961.000000 2919709.383232
962.000000 2920902.804908
963.000000 2922100.107629
964.000000 2923301.295590
965.000000 2924506.372987
966.000000 2925715.344007
967.000000 2926928.212836
968.000000 2928144.983653
969.000000 2929365.660633
970.000000 2930590.247949
971.000000 2931818.749766
972.000000 2933051.170246
973.000000 2934287.513548
974.000000 2935527.783824
975.000000 2936771.985223
976.000000 2938020.121891
977.000000 2939272.197967
978.000000 2940528.217587
979.000000 2941788.184883
980.000000 2943052.103982
981.000000 2944319.979007
982.000000 2945591.814076
983.000000 2946867.613303
984.000000 2948147.380800
985.000000 2949431.120671
986.000000 2950718.837019
987.000000 2952010.533940
988.000000 2953306.215528
989.000000 2954605.885871
990.000000 2955909.549055
991.000000 2957217.209160
992.000000 2958528.870262
993.000000 2959844.536434
994.000000 2961164.211743
995.000000 2962487.900255
996.000000 2963815.606028
997.000000 2965147.333118
998.000000 2966483.085578
999.000000 2967822.867455
1000.000000 2969166.682792
1001.000000 2970514.535628
1002.000000 2971866.430001
1003.000000 2973222.369940
1004.000000 2974582.359473
1005.000000 2975946.402624
1006.000000 2977314.503412
1007.000000 2978686.665853
1008.000000 2980062.893959
1009.000000 2981443.191735
1010.000000 2982827.563188
1011.000000 2984216.012315
1012.000000 2985608.543113
1013.000000 2987005.159574
1014.000000 2988405.865685
1015.000000 2989810.665431
1016.000000 2991219.562792
1017.000000 2992632.561744
1018.000000 2994049.666260
1019.000000 2995470.880308
1020.000000 2996896.207854
1021.000000 2998325.652857
1022.000000 2999759.219276
1023.000000 3001196.911064
1024.000000 3002638.732170
1025.000000 3004084.686541
1026.000000 3005534.778117
1027.000000 3006989.010839
1028.000000 3008447.388639
1029.000000 3009909.915450
1030.000000 3011376.595198
1031.000000 3012847.431806
1032.000000 3014322.429195
1033.000000 3015801.591280
1034.000000 3017284.921974
1035.000000 3018772.425185
1036.000000 3020264.104819
1037.000000 3021759.964776
1038.000000 3023260.008955
1039.000000 3024764.241250
1040.000000 3026272.665551
1041.000000 3027785.285744
1042.000000 3029302.105714
1043.000000 3030823.129341
1044.000000 3032348.360499
1045.000000 3033877.803062
1046.000000 3035411.460899
1047.000000 3036949.337875
1048.000000 3038491.437852
1049.000000 3040037.764688
1050.000000 3041588.322239
1051.000000 3043143.114355
1052.000000 3044702.144885
1053.000000 3046265.417673
1054.000000 3047832.936560
1055.000000 3049404.705383
1056.000000 3050980.727976
1057.000000 3052561.008169
1058.000000 3054145.549791
1059.000000 3055734.356664
1060.000000 3057327.432608
1061.000000 3058924.781441
1062.000000 3060526.406975
1063.000000 3062132.313021
1064.000000 3063742.503386
1065.000000 3065356.981872
1066.000000 3066975.752279
1067.000000 3068598.818404
1068.000000 3070226.184040
1069.000000 3071857.852977
1070.000000 3073493.829001
1071.000000 3075134.115896
1072.000000 3076778.717440
1073.000000 3078427.637411
1074.000000 3080080.879582
1075.000000 3081738.447723
1076.000000 3083400.345600
1077.000000 3085066.576977
1078.000000 3086737.145613
1079.000000 3088412.055267
1080.000000 3090091.309690
1081.000000 3091774.912634
1082.000000 3093462.867846
1083.000000 3095155.179069
1084.000000 3096851.850045
1085.000000 3098552.884510
1086.000000 3100258.286200
1087.000000 3101968.058844
1088.000000 3103682.206171
1089.000000 3105400.731906
1090.000000 3107123.639770
1091.000000 3108850.933482
1092.000000 3110582.616757
1093.000000 3112318.693306
1094.000000 3114059.166840
1095.000000 3115804.041063
1096.000000 3117553.319679
1097.000000 3119307.006387
1098.000000 3121065.104884
1099.000000 3122827.618863
1100.000000 3124594.552014
1101.000000 3126365.908025
1102.000000 3128141.690580
1103.000000 3129921.903359
1104.000000 3131706.550042
1105.000000 3133495.634303
1106.000000 3135289.159813
1107.000000 3137087.130243
1108.000000 3138889.549258
1109.000000 3140696.420520
1110.000000 3142507.747690
1111.000000 3144323.534424
1112.000000 3146143.784377
1113.000000 3147968.501199
1114.000000 3149797.688539
1115.000000 3151631.350040
1116.000000 3153469.489346
1117.000000 3155312.110095
1118.000000 3157159.215923
1119.000000 3159010.810464
1120.000000 3160866.897346
1121.000000 3162727.480199
1122.000000 3164592.562646
1123.000000 3166462.148308
1124.000000 3168336.240804
1125.000000 3170214.843750
1126.000000 3172097.960758
1127.000000 3173985.595438
1128.000000 3175877.751397
1129.000000 3177774.432239
1130.000000 3179675.641566
1131.000000 3181581.382974
1132.000000 3183491.660061
1133.000000 3185406.476419
1134.000000 3187325.835637
1135.000000 3189249.741302
1136.000000 3191178.196999
1137.000000 3193111.206308
1138.000000 3195048.772809
1139.000000 3196990.900076
1140.000000 3198937.591684
1141.000000 3200888.851201
1142.000000 3202844.682195
1143.000000 3204805.088231
1144.000000 3206770.072871
1145.000000 3208739.639672
1146.000000 3210713.792193
1147.000000 3212692.533985
1148.000000 3214675.868600
1149.000000 3216663.799585
1150.000000 3218656.330487
1151.000000 3220653.464846
1152.000000 3222655.206204
1153.000000 3224661.558097
1154.000000 3226672.524059
1155.000000 3228688.107623
1156.000000 3230708.312316
1157.000000 3232733.141666
1158.000000 3234762.599196
1159.000000 3236796.688426
1160.000000 3238835.412875
1161.000000 3240878.776058
1162.000000 3242926.781489
1163.000000 3244979.432677
1164.000000 3247036.733131
1165.000000 3249098.686354
1166.000000 3251165.295849
1167.000000 3253236.565116
1168.000000 3255312.497652
1169.000000 3257393.096952
1170.000000 3259478.366506
1171.000000 3261568.309805
1172.000000 3263662.930334
1173.000000 3265762.231578
1174.000000 3267866.217018
1175.000000 3269974.890134
1176.000000 3272088.254400
1177.000000 3274206.313291
1178.000000 3276329.070278
1179.000000 3278456.528829
1180.000000 3280588.692411
1181.000000 3282725.564487
1182.000000 3284867.148516
1183.000000 3287013.447959
1184.000000 3289164.466271
1185.000000 3291320.206904
1186.000000 3293480.673311
1187.000000 3295645.868938
1188.000000 3297815.797231
1189.000000 3299990.461635
1190.000000 3302169.865588
1191.000000 3304354.012531
1192.000000 3306542.905898
1193.000000 3308736.549122
1194.000000 3310934.945635
1195.000000 3313138.098864
1196.000000 3315346.012236
1197.000000 3317558.689173
1198.000000 3319776.133097
1199.000000 3321998.347426
1200.000000 3324225.335576
1201.000000 3326457.100960
1202.000000 3328693.646991
1203.000000 3330934.977075
1204.000000 3333181.094620
1205.000000 3335432.003029
1206.000000 3337687.705704
1207.000000 3339948.206043
1208.000000 3342213.507444
1209.000000 3344483.613300
1210.000000 3346758.527004
1211.000000 3349038.251944
1212.000000 3351322.791507
1213.000000 3353612.149079
1214.000000 3355906.328042
1215.000000 3358205.331774
1216.000000 3360509.163655
1217.000000 3362817.827059
1218.000000 3365131.325358
1219.000000 3367449.661924
1220.000000 3369772.840124
1221.000000 3372100.863324
1222.000000 3374433.734888
1223.000000 3376771.458176
1224.000000 3379114.036547
1225.000000 3381461.473359
1226.000000 3383813.771964
1227.000000 3386170.935715
1228.000000 3388532.967961
1229.000000 3390899.872050
1230.000000 3393271.651326
1231.000000 3395648.309132
1232.000000 3398029.848808
1233.000000 3400416.273692
1234.000000 3402807.587121
1235.000000 3405203.792426
1236.000000 3407604.892941
1237.000000 3410010.891993
1238.000000 3412421.792910
1239.000000 3414837.599015
1240.000000 3417258.313631
1241.000000 3419683.940078
1242.000000 3422114.481674
1243.000000 3424549.941733
1244.000000 3426990.323570
1245.000000 3429435.630495
1246.000000 3431885.865817
1247.000000 3434341.032842
1248.000000 3436801.134875
1249.000000 3439266.175219
1250.000000 3441736.157171
1251.000000 3444211.084032
1252.000000 3446690.959095
1253.000000 3449175.785655
1254.000000 3451665.567003
1255.000000 3454160.306426
1256.000000 3456660.007213
1257.000000 3459164.672648
1258.000000 3461674.306013
1259.000000 3464188.910588
1260.000000 3466708.489652
1261.000000 3469233.046480
1262.000000 3471762.584346
1263.000000 3474297.106522
1264.000000 3476836.616278
1265.000000 3479381.116880
1266.000000 3481930.611594
1267.000000 3484485.103683
1268.000000 3487044.596407
1269.000000 3489609.093026
1270.000000 3492178.596797
1271.000000 3494753.110973
1272.000000 3497332.638808
1273.000000 3499917.183551
1274.000000 3502506.748452
1275.000000 3505101.336755
1276.000000 3507700.951705
1277.000000 3510305.596545
1278.000000 3512915.274513
1279.000000 3515529.988848
1280.000000 3518149.742785
1281.000000 3520774.539559
1282.000000 3523404.382400
1283.000000 3526039.274538
1284.000000 3528679.219200
1285.000000 3531324.219612
1286.000000 3533974.278998
1287.000000 3536629.400578
1288.000000 3539289.587571
1289.000000 3541954.843195
1290.000000 3544625.170665
1291.000000 3547300.573194
1292.000000 3549981.053993
1293.000000 3552666.616271
1294.000000 3555357.263235
1295.000000 3558052.998090
1296.000000 3560753.824039
1297.000000 3563459.744282
1298.000000 3566170.762020
1299.000000 3568886.880448
1300.000000 3571608.102762
1301.000000 3574334.432154
1302.000000 3577065.871816
1303.000000 3579802.424936
1304.000000 3582544.094702
1305.000000 3585290.884298
1306.000000 3588042.796907
1307.000000 3590799.835711
1308.000000 3593562.003888
1309.000000 3596329.304616
1310.000000 3599101.741069
1311.000000 3601879.316420
1312.000000 3604662.033842
1313.000000 3607449.896503
1314.000000 3610242.907570
1315.000000 3613041.070208
1316.000000 3615844.387582
1317.000000 3618652.862852
1318.000000 3621466.499179
1319.000000 3624285.299719
1320.000000 3627109.267628
1321.000000 3629938.406060
1322.000000 3632772.718167
1323.000000 3635612.207098
1324.000000 3638456.876003
1325.000000 3641306.728025
1326.000000 3644161.766311
1327.000000 3647021.994002
1328.000000 3649887.414238
1329.000000 3652758.030158
1330.000000 3655633.844898
1331.000000 3658514.861593
1332.000000 3661401.083376
1333.000000 3664292.513378
1334.000000 3667189.154727
1335.000000 3670091.010552
1336.000000 3672998.083976
1337.000000 3675910.378123
1338.000000 3678827.896116
1339.000000 3681750.641073
1340.000000 3684678.616112
1341.000000 3687611.824350
1342.000000 3690550.268900
1343.000000 3693493.952875
1344.000000 3696442.879384
1345.000000 3699397.051537
1346.000000 3702356.472440
1347.000000 3705321.145199
1348.000000 3708291.072915
1349.000000 3711266.258690
1350.000000 3714246.705624
1351.000000 3717232.416814
1352.000000 3720223.395356
1353.000000 3723219.644344
1354.000000 3726221.166869
1355.000000 3729227.966023
1356.000000 3732240.044893
1357.000000 3735257.406566
1358.000000 3738280.054127
1359.000000 3741307.990659
1360.000000 3744341.219244
1361.000000 3747379.742960
1362.000000 3750423.564886
1363.000000 3753472.688097
1364.000000 3756527.115668
1365.000000 3759586.850670
1366.000000 3762651.896174
1367.000000 3765722.255250
1368.000000 3768797.930964
1369.000000 3771878.926381
1370.000000 3774965.244564
1371.000000 3778056.888577
1372.000000 3781153.861477
1373.000000 3784256.166324
1374.000000 3787363.806175
1375.000000 3790476.784083
1376.000000 3793595.103101
1377.000000 3796718.766281
1378.000000 3799847.776673
1379.000000 3802982.137324
1380.000000 3806121.851279
1381.000000 3809266.921584
1382.000000 3812417.351280
1383.000000 3815573.143410
1384.000000 3818734.301010
1385.000000 3821900.827120
1386.000000 3825072.724774
1387.000000 3828249.997006
1388.000000 3831432.646850
1389.000000 3834620.677334
1390.000000 3837814.091489
1391.000000 3841012.892340
1392.000000 3844217.082914
1393.000000 3847426.666234
1394.000000 3850641.645322
1395.000000 3853862.023199
1396.000000 3857087.802882
1397.000000 3860318.987390
1398.000000 3863555.579736
1399.000000 3866797.582936
1400.000000 3870045.000000
1401.000000 3873297.833939
1402.000000 3876556.087761
1403.000000 3879819.764474
1404.000000 3883088.867082
1405.000000 3886363.398589
1406.000000 3889643.361997
1407.000000 3892928.760307
1408.000000 3896219.596515
1409.000000 3899515.873621
1410.000000 3902817.594618
1411.000000 3906124.762501
1412.000000 3909437.380261
1413.000000 3912755.450889
1414.000000 3916078.977374
1415.000000 3919407.962702
1416.000000 3922742.409859
1417.000000 3926082.321829
1418.000000 3929427.701593
1419.000000 3932778.552133
1420.000000 3936134.876428
1421.000000 3939496.677454
1422.000000 3942863.958187
1423.000000 3946236.721602
1424.000000 3949614.970671
1425.000000 3952998.708364
1426.000000 3956387.937652
1427.000000 3959782.661500
1428.000000 3963182.882877
1429.000000 3966588.604745
1430.000000 3969999.830068
1431.000000 3973416.561808
1432.000000 3976838.802922
1433.000000 3980266.556371
1434.000000 3983699.825110
1435.000000 3987138.612094
1436.000000 3990582.920277
1437.000000 3994032.752609
1438.000000 3997488.112042
1439.000000 4000949.001524
1440.000000 4004415.424001
1441.000000 4007887.382420
1442.000000 4011364.879724
1443.000000 4014847.918856
1444.000000 4018336.502755
1445.000000 4021830.634363
1446.000000 4025330.316615
1447.000000 4028835.552448
1448.000000 4032346.344797
1449.000000 4035862.696594
1450.000000 4039384.610771
1451.000000 4042912.090259
1452.000000 4046445.137984
1453.000000 4049983.756875
1454.000000 4053527.949855
1455.000000 4057077.719850
1456.000000 4060633.069781
1457.000000 4064194.002569
1458.000000 4067760.521133
1459.000000 4071332.628391
1460.000000 4074910.327258
1461.000000 4078493.620650
1462.000000 4082082.511479
1463.000000 4085677.002657
1464.000000 4089277.097094
1465.000000 4092882.797699
1466.000000 4096494.107377
1467.000000 4100111.029036
1468.000000 4103733.565579
1469.000000 4107361.719908
1470.000000 4110995.494925
1471.000000 4114634.893529
1472.000000 4118279.918618
1473.000000 4121930.573088
1474.000000 4125586.859835
1475.000000 4129248.781752
1476.000000 4132916.341731
1477.000000 4136589.542663
1478.000000 4140268.387436
1479.000000 4143952.878939
1480.000000 4147643.020058
1481.000000 4151338.813677
1482.000000 4155040.262679
1483.000000 4158747.369946
1484.000000 4162460.138359
1485.000000 4166178.570796
1486.000000 4169902.670134
1487.000000 4173632.439250
1488.000000 4177367.881018
1489.000000 4181108.998311
1490.000000 4184855.794000
1491.000000 4188608.270955
1492.000000 4192366.432045
1493.000000 4196130.280138
1494.000000 4199899.818098
1495.000000 4203675.048790
1496.000000 4207455.975078
1497.000000 4211242.599821
1498.000000 4215034.925881
1499.000000 4218832.956116
1500.000000 4222636.693383
1501.000000 4226446.140538
1502.000000 4230261.300434
1503.000000 4234082.175926
1504.000000 4237908.769863
1505.000000 4241741.085097
1506.000000 4245579.124475
1507.000000 4249422.890845
1508.000000 4253272.387053
1509.000000 4257127.615943
1510.000000 4260988.580358
1511.000000 4264855.283139
1512.000000 4268727.727127
1513.000000 4272605.915160
1514.000000 4276489.850076
1515.000000 4280379.534711
1516.000000 4284274.971899
1517.000000 4288176.164474
1518.000000 4292083.115267
1519.000000 4295995.827108
1520.000000 4299914.302828
1521.000000 4303838.545253
1522.000000 4307768.557210
1523.000000 4311704.341523
1524.000000 4315645.901018
1525.000000 4319593.238515
1526.000000 4323546.356836
1527.000000 4327505.258800
1528.000000 4331469.947225
1529.000000 4335440.424930
1530.000000 4339416.694728
1531.000000 4343398.759435
1532.000000 4347386.621864
1533.000000 4351380.284826
1534.000000 4355379.751132
1535.000000 4359385.023591
1536.000000 4363396.105011
1537.000000 4367412.998198
1538.000000 4371435.705958
1539.000000 4375464.231096
1540.000000 4379498.576414
1541.000000 4383538.744715
1542.000000 4387584.738799
1543.000000 4391636.561465
1544.000000 4395694.215512
1545.000000 4399757.703738
1546.000000 4403827.028938
1547.000000 4407902.193909
1548.000000 4411983.201444
1549.000000 4416070.054337
1550.000000 4420162.755380
1551.000000 4424261.307364
1552.000000 4428365.713082
1553.000000 4432475.975322
1554.000000 4436592.096874
1555.000000 4440714.080526
1556.000000 4444841.929067
1557.000000 4448975.645284
1558.000000 4453115.231965
1559.000000 4457260.691896
1560.000000 4461412.027864
1561.000000 4465569.242656
1562.000000 4469732.339058
1563.000000 4473901.319857
1564.000000 4478076.187841
1565.000000 4482256.945797
1566.000000 4486443.596513
1567.000000 4490636.142778
1568.000000 4494834.587383
1569.000000 4499038.933119
1570.000000 4503249.182780
1571.000000 4507465.339160
1572.000000 4511687.405056
1573.000000 4515915.383268
1574.000000 4520149.276598
1575.000000 4524389.087852
1576.000000 4528634.819840
1577.000000 4532886.475374
1578.000000 4537144.057273
1579.000000 4541407.568361
1580.000000 4545677.011466
1581.000000 4549952.389423
1582.000000 4554233.705077
1583.000000 4558520.961278
1584.000000 4562814.160886
1585.000000 4567113.306771
1586.000000 4571418.401812
1587.000000 4575729.448903
1588.000000 4580046.450950
1589.000000 4584369.410871
1590.000000 4588698.331605
1591.000000 4593033.216103
1592.000000 4597374.067339
1593.000000 4601720.888306
1594.000000 4606073.682021
1595.000000 4610432.451525
1596.000000 4614797.199889
1597.000000 4619167.930210
1598.000000 4623544.645621
1599.000000 4627927.349289
1600.000000 4632316.044421
1601.000000 4636710.734265
1602.000000 4641111.422117
1603.000000 4645518.111321
1604.000000 4649930.805278
1605.000000 4654349.507447
1606.000000 4658774.221350
1607.000000 4663204.950584
1608.000000 4667641.698816
1609.000000 4672084.469801
1610.000000 4676533.267380
1611.000000 4680988.095493
1612.000000 4685448.958184
1613.000000 4689915.859613
1614.000000 4694388.804063
1615.000000 4698867.795948
1616.000000 4703352.839832
1617.000000 4707843.940431
1618.000000 4712341.102633
1619.000000 4716844.331508
1620.000000 4721353.632324
1621.000000 4725869.010563
1622.000000 4730390.471938
1623.000000 4734918.022409
1624.000000 4739451.668208
1625.000000 4743991.415854
1626.000000 4748537.272180
1627.000000 4753089.244353
1628.000000 4757647.339908
1629.000000 4762211.566765
1630.000000 4766781.933267
1631.000000 4771358.448212
1632.000000 4775941.120881
1633.000000 4780529.961081
1634.000000 4785124.979181
1635.000000 4789726.186157
1636.000000 4794333.593634
1637.000000 4798947.213936
1638.000000 4803567.060134
1639.000000 4808193.146108
1640.000000 4812825.486597
1641.000000 4817464.097269
1642.000000 4822108.994782
1643.000000 4826760.196861
1644.000000 4831417.722366
1645.000000 4836081.591381
1646.000000 4840751.825296
1647.000000 4845428.446899
1648.000000 4850111.480474
1649.000000 4854800.951904
1650.000000 4859496.888785
1651.000000 4864199.320539
1652.000000 4868908.278544
1653.000000 4873623.796259
1654.000000 4878345.909374
1655.000000 4883074.655955
1656.000000 4887810.076602
1657.000000 4892552.214618
1658.000000 4897301.116192
1659.000000 4902056.830582
1660.000000 4906819.410319
1661.000000 4911588.911420
1662.000000 4916365.393611
1663.000000 4921148.920566
1664.000000 4925939.560161
1665.000000 4930737.384735
1666.000000 4935542.471377
1667.000000 4940354.902220
1668.000000 4945174.764756
1669.000000 4950002.152168
1670.000000 4954837.163680
1671.000000 4959679.904923
1672.000000 4964530.488329
1673.000000 4969389.033535
1674.000000 4974255.667822
1675.000000 4979130.526562
1676.000000 4984013.753702
1677.000000 4988905.502265
1678.000000 4993805.934882
1679.000000 4998715.224342
1680.000000 5003633.554187
1681.000000 5008561.119316
1682.000000 5013498.126636
1683.000000 5018444.795734
1684.000000 5023401.359591
1685.000000 5028368.065321
1686.000000 5033345.174953
1687.000000 5038332.966243
1688.000000 5043331.733535
1689.000000 5048341.788647
1690.000000 5053363.461812
1691.000000 5058397.102650
1692.000000 5063443.081193
1693.000000 5068501.788947
1694.000000 5073573.640009
1695.000000 5078659.072225
1696.000000 5083758.548402
1697.000000 5088872.557570
1698.000000 5094001.616295
1699.000000 5099146.270048
1700.000000 5104307.094633
1701.000000 5109484.697660
1702.000000 5114679.720096
1703.000000 5119892.837856
1704.000000 5125124.763468
1705.000000 5130376.247798
1706.000000 5135648.081838
1707.000000 5140941.098562
1708.000000 5146256.174845
1709.000000 5151594.233454
1710.000000 5156956.245109
1711.000000 5162343.230609
1712.000000 5167756.263039
1713.000000 5173196.470041
1714.000000 5178665.036163
1715.000000 5184163.205285
1716.000000 5189692.283112
1717.000000 5195253.639756
1718.000000 5200848.712381
1719.000000 5206479.007936
1720.000000 5212146.105962
1721.000000 5217851.661471
1722.000000 5223597.407915
1723.000000 5229385.160219
1724.000000 5235216.817903
1725.000000 5241094.368277
1726.000000 5247019.889706
1727.000000 5252995.554964
1728.000000 5259023.634650
1729.000000 5265106.500685
1730.000000 5271246.629881
1731.000000 5277446.607574
1732.000000 5283709.131333
1733.000000 5290037.014732
1734.000000 5296433.191186
1735.000000 5302900.717847
1736.000000 5309442.779565
1737.000000 5316062.692893
1738.000000 5322763.910152
1739.000000 5329550.023540
1740.000000 5336424.769290
1741.000000 5343392.031852
1742.000000 5350455.848128
1743.000000 5357620.411724
1744.000000 5364890.077221
1745.000000 5372269.364480
1746.000000 5379762.962937
1747.000000 5387375.735915
1748.000000 5395112.724932
1749.000000 5402979.153989
1750.000000 5410980.433849
1751.000000 5419122.166285
1752.000000 5427410.148289
1753.000000 5435850.376241
1754.000000 5444449.050016
1755.000000 5453212.577036
1756.000000 5462147.576237
1757.000000 5471260.881951
1758.000000 5480559.547700
1759.000000 5490050.849864
1760.000000 5499742.291244
1761.000000 5509641.604479
1762.000000 5519756.755320
1763.000000 5530095.945747
1764.000000 5540667.616906
1765.000000 5551480.451860
1766.000000 5562543.378140
1767.000000 5573865.570076
1768.000000 5585456.450892
1769.000000 5597325.694564
1770.000000 5609483.227401
1771.000000 5621939.229354
1772.000000 5634704.135032
1773.000000 5647788.634395
1774.000000 5661203.673133
1775.000000 5674960.452685
1776.000000 5689070.429904
1777.000000 5703545.316343
1778.000000 5718397.077138
1779.000000 5733637.929484
1780.000000 5749280.340679
1781.000000 5765337.025714
1782.000000 5781820.944410
1783.000000 5798745.298061
1784.000000 5816123.525586
1785.000000 5833969.299168
1786.000000 5852296.519356
1787.000000 5871119.309621
1788.000000 5890452.010358
1789.000000 5910309.172301
1790.000000 5930705.549351
1791.000000 5951656.090797
1792.000000 5973175.932917
1793.000000 5995280.389950
1794.000000 6017984.944418
1795.000000 6041305.236796
1796.000000 6065257.054515
1797.000000 6089856.320289
1798.000000 6115119.079753
1799.000000 6141061.488419
1800.000000 6167699.797914
1801.000000 6195050.341534
1802.000000 6223129.519072
1803.000000 6251953.780940
1804.000000 6281539.611574
1805.000000 6311903.512126
1806.000000 6343061.982436
1807.000000 6375031.502298
1808.000000 6407828.512008
1809.000000 6441469.392216
1810.000000 6475970.443078
1811.000000 6511347.862717
1812.000000 6547617.725009
1813.000000 6584795.956701
1814.000000 6622898.313877
1815.000000 6661940.357783
1816.000000 6701937.430035
1817.000000 6742904.627227
1818.000000 6784856.774956
1819.000000 6827808.401293
1820.000000 6871773.709718
1821.000000 6916766.551554
1822.000000 6962800.397921
1823.000000 7009888.311251
1824.000000 7058042.916379
1825.000000 7107276.371266
1826.000000 7157600.337379
1827.000000 7209025.949762
1828.000000 7261563.786849
1829.000000 7315223.840061
1830.000000 7370015.483216
1831.000000 7425947.441820
1832.000000 7483027.762273
1833.000000 7541263.781037
1834.000000 7600662.093828
1835.000000 7661228.524878
1836.000000 7722968.096325
1837.000000 7785884.997777
1838.000000 7849982.556121
1839.000000 7915263.205626
1840.000000 7981728.458405
1841.000000 8049378.875286
1842.000000 8118214.037174
1843.000000 8188232.516941
1844.000000 8259431.851931
1845.000000 8331808.517125
1846.000000 8405357.899044
1847.000000 8480074.270447
1848.000000 8555950.765894
1849.000000 8632979.358233
1850.000000 8711150.836082
1851.000000 8790454.782371
1852.000000 8870879.554004
1853.000000 8952412.262708
1854.000000 9035038.757134
1855.000000 9118743.606266
1856.000000 9203510.084218
1857.000000 9289320.156446
1858.000000 9376154.467477
1859.000000 9463992.330174
1860.000000 9552811.716619
1861.000000 9642589.250657
1862.000000 9733300.202157
1863.000000 9824918.483037
1864.000000 9917416.645109
1865.000000 10010765.879781
1866.000000 10104936.019662
1867.000000 10199895.542113
1868.000000 10295611.574776
1869.000000 10392049.903125
1870.000000 10489174.980058
1871.000000 10586949.937568
1872.000000 10685336.600504
1873.000000 10784295.502468
1874.000000 10883785.903832
1875.000000 10983765.811913
1876.000000 11084192.003309
1877.000000 11185020.048391
1878.000000 11286204.337971
1879.000000 11387698.112118
1880.000000 11489453.491144
1881.000000 11591421.508717
1882.000000 11693552.147112
1883.000000 11795794.374559
1884.000000 11898096.184676
1885.000000 12000404.637948
1886.000000 12102665.905224
1887.000000 12204825.313190
1888.000000 12306827.391775
1889.000000 12408615.923442
1890.000000 12510133.994309
1891.000000 12611324.047053
1892.000000 12712127.935524
1893.000000 12812486.981002
1894.000000 12912342.030047
1895.000000 13011633.513843
1896.000000 13110301.508974
1897.000000 13208285.799548
1898.000000 13305525.940571
1899.000000 13401961.322510
1900.000000 13497531.236911
1901.000000 13592174.943023
1902.000000 13685831.735286
1903.000000 13778441.011608
1904.000000 13869942.342321
1905.000000 13960275.539696
1906.000000 14049380.727924
1907.000000 14137198.413441
1908.000000 14223669.555486
1909.000000 14308735.636769
1910.000000 14392338.734151
1911.000000 14474421.589194
1912.000000 14554927.678477
1913.000000 14633801.283555
1914.000000 14710987.560436
1915.000000 14786432.608462
1916.000000 14860083.538468
1917.000000 14931888.540100
1918.000000 15001796.948177
1919.000000 15069759.307970
1920.000000 15135727.439292
1921.000000 15199654.499269
1922.000000 15261495.043689
1923.000000 15321205.086810
1924.000000 15378742.159529
1925.000000 15434065.365776
1926.000000 15487135.437072
1927.000000 15537914.785103
1928.000000 15586367.552242
1929.000000 15632459.659922
1930.000000 15676158.854746
1931.000000 15717434.752278
1932.000000 15756258.878405
1933.000000 15792604.708210
1934.000000 15826447.702266
1935.000000 15857765.340303
1936.000000 15886537.152152
1937.000000 15912744.745944
1938.000000 15936371.833471
1939.000000 15957404.252695
1940.000000 15975829.987338
1941.000000 15991639.183523
1942.000000 16004824.163432
1943.000000 16015379.435964
1944.000000 16023301.704355
1945.000000 13411307.883473
1946.000000 13407347.538650
1947.000000 13400750.629829
1948.000000 13391522.650489
1949.000000 13379671.280825
1950.000000 13365206.377095
1951.000000 13348139.957956
1952.000000 13328486.187830
1953.000000 13306261.357303
1954.000000 13281483.860630
1955.000000 13254174.170362
1956.000000 13224354.809155
1957.000000 13192050.318819
1958.000000 13157287.226660
1959.000000 13120094.009175
1960.000000 13080501.053191
1961.000000 13038540.614491
1962.000000 12994246.774034
1963.000000 12947655.391835
1964.000000 12898804.058599
1965.000000 12847732.045200
1966.000000 12794480.250098
1967.000000 12739091.144792
1968.000000 12681608.717417
1969.000000 12622078.414580
1970.000000 12560547.081551
1971.000000 12497062.900917
1972.000000 12431675.329802
1973.000000 12364435.035788
1974.000000 12295393.831626
1975.000000 12224604.608882
1976.000000 12152121.270618
1977.000000 12077998.663226
1978.000000 12002292.507554
1979.000000 11925059.329427
1980.000000 11846356.389688
1981.000000 11766241.613883
1982.000000 11684773.521705
1983.000000 11602011.156324
1984.000000 11518014.013713
1985.000000 11432841.972090
1986.000000 11346555.221593
1987.000000 11259214.194301
1988.000000 11170879.494717
1989.000000 11081611.830814
1990.000000 10991471.945757
1991.000000 10900520.550412
1992.000000 10808818.256730
1993.000000 10716425.512118
1994.000000 10623402.534887
1995.000000 10529809.250869
1996.000000 10435705.231300
1997.000000 10341149.632039
1998.000000 10246201.134224
1999.000000 10150917.886428
2000.000000 10055357.448398
2001.000000 9959576.736435
2002.000000 9863631.970502
2003.000000 9767578.623093
2004.000000 9671471.369950
2005.000000 9575364.042648
2006.000000 9479309.583129
2007.000000 9383360.000206
2008.000000 9287566.328074
2009.000000 9191978.586892
2010.000000 9096645.745419
2011.000000 9001615.685777
2012.000000 8906935.170328
2013.000000 8812649.810695
2014.000000 8718804.038940
2015.000000 8625441.080901
2016.000000 8532602.931696
2017.000000 8440330.333390
2018.000000 8348662.754821
2019.000000 8257638.373575
2020.000000 8167294.060101
2021.000000 8077665.363942
2022.000000 7988786.502064
2023.000000 7900690.349268
2024.000000 7813408.430635
2025.000000 7726970.916001
2026.000000 7641406.616403
2027.000000 7556742.982476
2028.000000 7473006.104746
2029.000000 7390220.715794
2030.000000 7308410.194222
2031.000000 7227596.570398
2032.000000 7147800.533909
2033.000000 7069041.442681
2034.000000 6991337.333707
2035.000000 6914704.935330
2036.000000 6839159.681017
2037.000000 6764715.724572
2038.000000 6691385.956725
2039.000000 6619182.023028
2040.000000 6548114.343010
2041.000000 6478192.130510
2042.000000 6409423.415138
2043.000000 6341815.064798
2044.000000 6275372.809189
2045.000000 6210101.264254
2046.000000 6146003.957475
2047.000000 6083083.353971
2048.000000 6021340.883335
2049.000000 5960776.967130
2050.000000 5901391.046992
2051.000000 5843181.613277
2052.000000 5786146.234184
2053.000000 5730281.585296
2054.000000 5675583.479475
2055.000000 5622046.897055
2056.000000 5569666.016276
2057.000000 5518434.243896
2058.000000 5468344.245925
2059.000000 5419387.978440
2060.000000 5371556.718411
2061.000000 5324841.094496
2062.000000 5279231.117752
2063.000000 5234716.212225
2064.000000 5191285.245348
2065.000000 5148926.558138
2066.000000 5107627.995115
2067.000000 5067376.933924
2068.000000 5028160.314619
2069.000000 4989964.668564
2070.000000 4952776.146921
2071.000000 4916580.548695
2072.000000 4881363.348305
2073.000000 4847109.722641
2074.000000 4813804.577598
2075.000000 4781432.574050
2076.000000 4749978.153241
2077.000000 4719425.561581
2078.000000 4689758.874815
2079.000000 4660962.021562
2080.000000 4633018.806191
2081.000000 4605912.931045
2082.000000 4579628.017970
2083.000000 4554147.629165
2084.000000 4529455.287339
2085.000000 4505534.495148
2086.000000 4482368.753943
2087.000000 4459941.581788
2088.000000 4438236.530774
2089.000000 4417237.203612
2090.000000 4396927.269510
2091.000000 4377290.479346
2092.000000 4358310.680115
2093.000000 4339971.828689
2094.000000 4322258.004863
2095.000000 4305153.423714
2096.000000 4288642.447278
2097.000000 4272709.595543
2098.000000 4257339.556785
2099.000000 4242517.197236
2100.000000 4228227.570123
2101.000000 4214455.924060
2102.000000 4201187.710828
2103.000000 4188408.592552
2104.000000 4176104.448274
2105.000000 4164261.379968
2106.000000 4152865.717970
2107.000000 4141904.025882
2108.000000 4131363.104930
2109.000000 4121229.997820
2110.000000 4111491.992081
2111.000000 4102136.622943
2112.000000 4093151.675735
2113.000000 4084525.187847
2114.000000 4076245.450257
2115.000000 4068301.008638
2116.000000 4060680.664082
2117.000000 4053373.473430
2118.000000 4046368.749254
2119.000000 4039656.059478
2120.000000 4033225.226683
2121.000000 4027066.327096
2122.000000 4021169.689279
2123.000000 4015525.892542
2124.000000 4010125.765094
2125.000000 4004960.381943
2126.000000 4000021.062565
2127.000000 3995299.368355
2128.000000 3990787.099876
2129.000000 3986476.293919
2130.000000 3982359.220389
2131.000000 3978428.379030
2132.000000 3974676.496007
2133.000000 3971096.520347
2134.000000 3967681.620264
2135.000000 3964425.179372
2136.000000 3961320.792799
2137.000000 3958362.263220
2138.000000 3955543.596807
2139.000000 3952858.999123
2140.000000 3950302.870947
2141.000000 3947869.804072
2142.000000 3945554.577053
2143.000000 3943352.150929
2144.000000 3941257.664936
2145.000000 3939266.432194
2146.000000 3937373.935407
2147.000000 3935575.822551
2148.000000 3933867.902585
2149.000000 3932246.141170
2150.000000 3930706.656418
2151.000000 3929245.714664
2152.000000 3927859.726276
2153.000000 3926545.241499
2154.000000 3925298.946349
2155.000000 3924117.658547
2156.000000 3922998.323510
2157.000000 3921938.010395
2158.000000 3920933.908201
2159.000000 3919983.321932
2160.000000 3919083.668827
2161.000000 3918232.474650
2162.000000 3917427.370057
2163.000000 3916666.087027
2164.000000 3915946.455365
2165.000000 3915266.399284
2166.000000 3914623.934057
2167.000000 3914017.162747
2168.000000 3913444.273009
2169.000000 3912903.533979
2170.000000 3912393.293227
2171.000000 3911911.973800
2172.000000 3911458.071337
2173.000000 3911030.151260
2174.000000 3910626.846050
2175.000000 3910246.852589
2176.000000 3909888.929591
2177.000000 3909551.895100
2178.000000 3909234.624068
2179.000000 3908936.046005
2180.000000 3908655.142707
2181.000000 3908390.946052
2182.000000 3908142.535871
2183.000000 3907909.037887
2184.000000 3907689.621728
2185.000000 3907483.499002
2186.000000 3907289.921447
2187.000000 3907108.179137
2188.000000 3906937.598761
2189.000000 3906777.541960
2190.000000 3906627.403728
2191.000000 3906486.610871
2192.000000 3906354.620526
2193.000000 3906230.918737
2194.000000 3906115.019084
2195.000000 3906006.461375
2196.000000 3905904.810375
2197.000000 3905809.654603
2198.000000 3905720.605166
2199.000000 3905637.294651
2200.000000 3905559.376054
2201.000000 3905486.521763
2202.000000 3905418.422577
2203.000000 3905354.786776
2204.000000 3905295.339223
2205.000000 3905239.820514
2206.000000 3905187.986158
2207.000000 3905139.605802
2208.000000 3905094.462483
2209.000000 3905052.351924
2210.000000 3905013.081851
2211.000000 3904976.471356
2212.000000 3904942.350278
2213.000000 3904910.558620
2214.000000 3904880.945991
2215.000000 3904853.371079
2216.000000 3904827.701146
2217.000000 3904803.811550
2218.000000 3904781.585290
2219.000000 3904760.912574
2220.000000 3904741.690410
2221.000000 3904723.822215
2222.000000 3904707.217449
2223.000000 3904691.791263
2224.000000 3904677.464168
2225.000000 3904664.161722
2226.000000 3904651.814231
2227.000000 3904640.356468
2228.000000 3904629.727408
2229.000000 3904619.869974
2230.000000 3904610.730802
2231.000000 3904602.260013
2232.000000 3904594.411002
2233.000000 3904587.140235
2234.000000 3904580.407066
2235.000000 3904574.173549
2236.000000 3904568.404279
2237.000000 3904563.066226
2238.000000 3904558.128589
2239.000000 3904553.562653
2240.000000 3904549.341658
2241.000000 3904545.440674
2242.000000 3904541.836481
2243.000000 3904538.507462
2244.000000 3904535.433497
2245.000000 3904532.595863
2246.000000 3904529.977149
2247.000000 3904527.561162
2248.000000 3904525.332852
2249.000000 3904523.278233
2250.000000 3904521.384313
2251.000000 3904519.639026
2252.000000 3904518.031172
2253.000000 3904516.550356
2254.000000 3904515.186933
2255.000000 3904513.931959
2256.000000 3904512.777140
2257.000000 3904511.714789
2258.000000 3904510.737784
2259.000000 3904509.839527
2260.000000 3904509.013908
2261.000000 3904508.255272
2262.000000 3904507.558385
2263.000000 3904506.918406
2264.000000 3904506.330856
2265.000000 3904505.791594
2266.000000 3904505.296796
2267.000000 3904504.842924
2268.000000 3904504.426714
2269.000000 3904504.045150
2270.000000 3904503.695449
2271.000000 3904503.375041
2272.000000 3904503.081558
2273.000000 3904502.812814
2274.000000 3904502.566794
2275.000000 3904502.341641
2276.000000 3904502.135645
2277.000000 3904501.947230
2278.000000 3904501.774944
2279.000000 3904501.617452
2280.000000 3904501.473525
2281.000000 3904501.342033
2282.000000 3904501.221935
2283.000000 3904501.112275
2284.000000 3904501.012176
2285.000000 3904500.920829
2286.000000 3904500.837493
2287.000000 3904500.761488
2288.000000 3904500.692188
2289.000000 3904500.629020
2290.000000 3904500.571458
2291.000000 3904500.519019
2292.000000 3904500.471261
2293.000000 3904500.427779
2294.000000 3904500.388201
2295.000000 3904500.352187
2296.000000 3904500.319425
2297.000000 3904500.289631
2298.000000 3904500.262542
2299.000000 3904500.237921
2300.000000 3904500.215550
2301.000000 3904500.195227
2302.000000 3904500.176771
2303.000000 3904500.160016
2304.000000 3904500.144809
2305.000000 3904500.131010
2306.000000 3904500.118493
2307.000000 3904500.107143
2308.000000 3904500.096853
2309.000000 3904500.087526
2310.000000 3904500.079076
2311.000000 3904500.071422
2312.000000 3904500.064491
2313.000000 3904500.058216
2314.000000 3904500.052537
2315.000000 3904500.047399
2316.000000 3904500.042752
2317.000000 3904500.038549
2318.000000 3904500.034750
2319.000000 3904500.031317
2320.000000 3904500.028215
2321.000000 3904500.025413
2322.000000 3904500.022883
2323.000000 3904500.020600
2324.000000 3904500.018539
2325.000000 3904500.016679
2326.000000 3904500.015002
2327.000000 3904500.013490
2328.000000 3904500.012127
2329.000000 3904500.010898
2330.000000 3904500.009792
2331.000000 3904500.008795
2332.000000 3904500.007897
2333.000000 3904500.007089
2334.000000 3904500.006362
2335.000000 3904500.005708
2336.000000 3904500.005120
2337.000000 3904500.004591
2338.000000 3904500.004116
2339.000000 3904500.003689
2340.000000 3904500.003305
2341.000000 3904500.002960
2342.000000 3904500.002651
2343.000000 3904500.002373
2344.000000 3904500.002124
2345.000000 3904500.001900
2346.000000 3904500.001700
2347.000000 3904500.001520
2348.000000 3904500.001359
2349.000000 3904500.001214
2350.000000 3904500.001085
2351.000000 3904500.000969
2352.000000 3904500.000865
2353.000000 3904500.000773
2354.000000 3904500.000689
2355.000000 3904500.000615
2356.000000 3904500.000549
2357.000000 3904500.000489
2358.000000 3904500.000436
2359.000000 3904500.000389
2360.000000 3904500.000346
2361.000000 3904500.000309
2362.000000 3904500.000275
2363.000000 3904500.000245
2364.000000 3904500.000218
2365.000000 3904500.000194
2366.000000 3904500.000172
2367.000000 3904500.000153
2368.000000 3904500.000136
2369.000000 3904500.000121
2370.000000 3904500.000108
2371.000000 3904500.000096
2372.000000 3904500.000085
2373.000000 3904500.000075
2374.000000 3904500.000067
2375.000000 3904500.000059
2376.000000 3904500.000053
2377.000000 3904500.000047
2378.000000 3904500.000041
2379.000000 3904500.000037
2380.000000 3904500.000032
2381.000000 3904500.000029
2382.000000 3904500.000025
2383.000000 3904500.000023
2384.000000 3904500.000020
2385.000000 3904500.000018
2386.000000 3904500.000016
2387.000000 3904500.000014
2388.000000 3904500.000012
2389.000000 3904500.000011
2390.000000 3904500.000010
2391.000000 3904500.000008
2392.000000 3904500.000007
2393.000000 3904500.000007
2394.000000 3904500.000006
2395.000000 3904500.000005
2396.000000 3904500.000005
2397.000000 3904500.000004
2398.000000 3904500.000004
2399.000000 3904500.000003
2400.000000 3904500.000003
2401.000000 3904500.000002
2402.000000 3904500.000002
2403.000000 3904500.000002
2404.000000 3904500.000002
2405.000000 3904500.000001
2406.000000 3904500.000001
2407.000000 3904500.000001
2408.000000 3904500.000001
2409.000000 3904500.000001
2410.000000 3904500.000001
2411.000000 3904500.000001
2412.000000 3904500.000001
2413.000000 3904500.000001
2414.000000 3904500.000000
2415.000000 3904500.000000
2416.000000 3904500.000000
2417.000000 3904500.000000
2418.000000 3904500.000000
2419.000000 3904500.000000
2420.000000 3904500.000000
2421.000000 3904500.000000
2422.000000 3904500.000000
2423.000000 3904500.000000
2424.000000 3904500.000000
2425.000000 3904500.000000
2426.000000 3904500.000000
2568.000000 3904500.000000
2569.000000 3904500.000000
2694.000000 3904500.000000
2957.000000 3904500.000000
3000.000000 3904500.000000
