298.15 25.142
300 25.182
350 26.091
400 26.829
450 27.450
500 28.016
550 28.550
600 29.073
650 29.585
7O0 30.081
750 30.562
800 31.025
850 31.463
900 31.892
950 32.330
1000 32.850
1025 33.168
1050 33.523
1075 33.968
1100 34.655
1125 36.050
1150 38.905
1166 42.000
1166 28.656
1200 28.895
1300 29.730
1400 30.782
1300 31.893
1600 33.064
1700 34.276
1800 35.660
1900 37.376
1945 38.280
1945 46.290
2000 46.290
2200 46.290
2400 46.290
2600 46.290
2800 46.290
3000 46.290
3200 46.290
3400 46.290
3600 46.290
3637 46.290
3800 46.290